A0A120HUS7	0.34317343173431736	0.11070110701107011	0.18450184501845018	0.11808118081180811	0.24354243542435425
O08849	0.27488151658767773	0.10900473933649289	0.17061611374407584	0.13270142180094788	0.3127962085308057
Q7ZV46	0.3776223776223776	0.08741258741258741	0.13286713286713286	0.0979020979020979	0.3041958041958042
Q9RJS6	0.49586776859504134	0.046831955922865015	0.11294765840220386	0.14049586776859505	0.20385674931129477
O22682	0.4405940594059406	0.05198019801980198	0.12871287128712872	0.10148514851485149	0.27722772277227725
Q9P7Q4	0.3977272727272727	0.06818181818181818	0.13005050505050506	0.11868686868686869	0.28535353535353536
Q9ERB4	0.30277574872169466	0.06829802775748722	0.09569028487947406	0.1585098612125639	0.3747260774287801
O67507	0.43730886850152906	0.09480122324159021	0.14067278287461774	0.12232415902140673	0.20489296636085627
Q91V88	0.3333333333333333	0.0677361853832442	0.1532976827094474	0.0873440285204991	0.3582887700534759
P50947	0.3151515151515151	0.051515151515151514	0.17272727272727273	0.1303030303030303	0.3303030303030303
Q9I2Y2	0.4	0.0975609756097561	0.14146341463414633	0.15609756097560976	0.2048780487804878
P27801	0.3485838779956427	0.09586056644880174	0.144880174291939	0.12854030501089325	0.2821350762527233
Q9FNP1	0.4061946902654867	0.05929203539823009	0.1415929203539823	0.13185840707964602	0.2610619469026549
Q9I5I6	0.5536912751677853	0.053691275167785234	0.087248322147651	0.09060402684563758	0.21476510067114093
P34896	0.40993788819875776	0.07867494824016563	0.14492753623188406	0.10973084886128365	0.2567287784679089
P24060	0.4675925925925926	0.07407407407407407	0.13194444444444445	0.10416666666666667	0.2222222222222222
Q9ESU6	0.25785714285714284	0.03428571428571429	0.15857142857142856	0.10785714285714286	0.44142857142857145
P56589	0.38873994638069703	0.064343163538874	0.13136729222520108	0.09919571045576407	0.3163538873994638
A2QCJ9	0.2857142857142857	0.04215456674473068	0.16627634660421545	0.07494145199063232	0.4309133489461358
Q62696	0.3589462129527991	0.06476399560922064	0.14270032930845225	0.14050493962678376	0.29308452250274425
Q62414	0.3681462140992167	0.06788511749347259	0.1566579634464752	0.13315926892950392	0.2741514360313316
P50091	0.23958333333333334	0.0763888888888889	0.15625	0.13541666666666666	0.3923611111111111
P16581	0.30983606557377047	0.09180327868852459	0.09016393442622951	0.10163934426229508	0.4065573770491803
P73955	0.4234527687296417	0.08143322475570032	0.11074918566775244	0.11074918566775244	0.2736156351791531
Q55C58	0.37259615384615385	0.09014423076923077	0.1346153846153846	0.13341346153846154	0.2692307692307692
Q9QXV9	0.2939297124600639	0.04153354632587859	0.15335463258785942	0.0926517571884984	0.4185303514376997
Q9FWR4	0.37089201877934275	0.09389671361502347	0.14084507042253522	0.13615023474178403	0.25821596244131456
P49183	0.3908450704225352	0.11971830985915492	0.09507042253521127	0.12323943661971831	0.2711267605633803
Q99497	0.4973544973544973	0.031746031746031744	0.13756613756613756	0.12698412698412698	0.20634920634920634
Q8RY16	0.3931987247608927	0.061636556854410204	0.12964930924548354	0.1275239107332625	0.2879914984059511
Q6GNB7	0.3240223463687151	0.05027932960893855	0.16759776536312848	0.12290502793296089	0.33519553072625696
Q8Y4B2	0.45278450363196127	0.0774818401937046	0.12832929782082325	0.12832929782082325	0.21307506053268765
P22894	0.3233404710920771	0.14775160599571735	0.11991434689507495	0.10492505353319058	0.30406852248394006
Q80TQ2	0.34558823529411764	0.0861344537815126	0.12815126050420167	0.1334033613445378	0.3067226890756303
P47075	0.34119278779472956	0.10679611650485436	0.15811373092926492	0.14424410540915394	0.24965325936199723
P12371	0.35918367346938773	0.11428571428571428	0.1510204081632653	0.07755102040816327	0.2979591836734694
P20132	0.49390243902439024	0.057926829268292686	0.11890243902439024	0.08841463414634146	0.24085365853658536
Q7UWB8	0.4405144694533762	0.06430868167202572	0.12218649517684887	0.1157556270096463	0.2572347266881029
Q7TSG2	0.34791666666666665	0.03958333333333333	0.15	0.1625	0.3
Q8CFB4	0.3559322033898305	0.059322033898305086	0.14915254237288136	0.1423728813559322	0.29322033898305083
P38855	0.2826855123674912	0.08480565371024736	0.127208480565371	0.15547703180212014	0.3498233215547703
Q97WJ8	0.4578313253012048	0.07630522088353414	0.14457831325301204	0.13253012048192772	0.18875502008032127
Q9HCK4	0.33889695210449927	0.06676342525399129	0.11611030478955008	0.11175616835994194	0.3664731494920174
O60683	0.4171779141104294	0.08282208588957055	0.1901840490797546	0.07975460122699386	0.23006134969325154
Q13227	0.3363914373088685	0.0581039755351682	0.1712538226299694	0.09480122324159021	0.3394495412844037
P06400	0.33189655172413796	0.07974137931034483	0.1497844827586207	0.1271551724137931	0.3114224137931034
Q12948	0.3887884267631103	0.07233273056057866	0.10126582278481013	0.06690777576853527	0.3707052441229656
Q9HTE9	0.47002398081534774	0.07194244604316546	0.13189448441247004	0.11510791366906475	0.21103117505995203
P97466	0.38362068965517243	0.07758620689655173	0.15517241379310345	0.09482758620689655	0.28879310344827586
P48540	0.36492890995260663	0.061611374407582936	0.1895734597156398	0.12796208530805686	0.2559241706161137
Q12255	0.34782608695652173	0.09881422924901186	0.11067193675889328	0.11462450592885376	0.32806324110671936
Q9HFE5	0.38028169014084506	0.10093896713615023	0.14084507042253522	0.12441314553990611	0.2535211267605634
P02649	0.416403785488959	0.050473186119873815	0.15457413249211358	0.1608832807570978	0.21766561514195584
Q9JJK3	0.3914209115281501	0.06702412868632708	0.128686327077748	0.10187667560321716	0.3109919571045576
Q53NI2	0.3659531090723751	0.07339449541284404	0.1365953109072375	0.12232415902140673	0.30173292558613657
P11487	0.3891213389121339	0.07531380753138076	0.20502092050209206	0.07531380753138076	0.25523012552301255
Q60855	0.3231707317073171	0.08536585365853659	0.14939024390243902	0.13414634146341464	0.3079268292682927
P11633	0.2727272727272727	0.08080808080808081	0.24242424242424243	0.15151515151515152	0.25252525252525254
Q9UBU3	0.41025641025641024	0.06837606837606838	0.1282051282051282	0.13675213675213677	0.2564102564102564
O59796	0.3505494505494505	0.1076923076923077	0.12967032967032968	0.13076923076923078	0.2813186813186813
P9WGI9	0.5	0.0547945205479452	0.12557077625570776	0.1095890410958904	0.2100456621004566
P38076	0.48615384615384616	0.055384615384615386	0.10461538461538461	0.11076923076923077	0.24307692307692308
Q8LDG7	0.40782122905027934	0.05865921787709497	0.1424581005586592	0.12849162011173185	0.26256983240223464
Q9C5W3	0.3532994923857868	0.07715736040609138	0.13705583756345177	0.11878172588832488	0.31370558375634516
P49582	0.40239043824701193	0.10557768924302789	0.11553784860557768	0.099601593625498	0.27689243027888444
O74941	0.368196371398079	0.09071504802561366	0.1248665955176094	0.11205976520811099	0.304162219850587
Q14995	0.3281519861830743	0.06563039723661486	0.15025906735751296	0.10535405872193437	0.35060449050086356
Q04934	0.30022075055187636	0.052980132450331126	0.13024282560706402	0.15894039735099338	0.3576158940397351
Q99735	0.46258503401360546	0.1564625850340136	0.10884353741496598	0.047619047619047616	0.22448979591836735
Q03308	0.35964912280701755	0.10902255639097744	0.14536340852130325	0.13283208020050125	0.2531328320802005
Q9VPT5	0.3434343434343434	0.12794612794612795	0.13804713804713806	0.08754208754208755	0.30303030303030304
Q8ZL08	0.47045454545454546	0.08636363636363636	0.10681818181818181	0.11136363636363636	0.225
Q7TNB8	0.3684210526315789	0.07561156412157154	0.13862120088954782	0.1245366938472943	0.29280948851000743
Q9S219	0.5149501661129569	0.046511627906976744	0.12956810631229235	0.12292358803986711	0.18604651162790697
Q920D5	0.34523809523809523	0.08571428571428572	0.1523809523809524	0.1523809523809524	0.2642857142857143
P19438	0.3274725274725275	0.07032967032967033	0.12527472527472527	0.11208791208791209	0.3648351648351648
Q62809	0.3680555555555556	0.09027777777777778	0.1736111111111111	0.06944444444444445	0.2986111111111111
Q9SJ56	0.35441176470588237	0.061764705882352944	0.1264705882352941	0.09852941176470588	0.3588235294117647
O13718	0.33242506811989103	0.10490463215258855	0.17029972752043596	0.14168937329700274	0.2506811989100817
P02753	0.3582089552238806	0.11940298507462686	0.13930348258706468	0.13930348258706468	0.24378109452736318
Q9SZJ5	0.3945841392649903	0.08317214700193423	0.14893617021276595	0.11992263056092843	0.25338491295938104
Q8A0V4	0.4139072847682119	0.076158940397351	0.13245033112582782	0.11258278145695365	0.26490066225165565
Q9P7V6	0.36655405405405406	0.08952702702702703	0.13006756756756757	0.12837837837837837	0.28547297297297297
F1RBC8	0.4073107049608355	0.08746736292428199	0.14360313315926893	0.12402088772845953	0.23759791122715404
P31134	0.44562334217506633	0.05305039787798409	0.14588859416445624	0.1220159151193634	0.23342175066312998
P22443	0.4153543307086614	0.09448818897637795	0.13582677165354332	0.11023622047244094	0.2440944881889764
P49799	0.2780487804878049	0.07804878048780488	0.18536585365853658	0.13658536585365855	0.32195121951219513
P39101	0.3375959079283887	0.08184143222506395	0.1918158567774936	0.1969309462915601	0.1918158567774936
Q9UR17	0.5081967213114754	0.11475409836065574	0.11475409836065574	0.040983606557377046	0.22131147540983606
P01246	0.391705069124424	0.10138248847926268	0.12903225806451613	0.10599078341013825	0.271889400921659
O82796	0.43050847457627117	0.07457627118644068	0.12542372881355932	0.12203389830508475	0.24745762711864408
Q96GA7	0.5045592705167173	0.03951367781155015	0.11550151975683891	0.0911854103343465	0.24924012158054712
Q14135	0.3275862068965517	0.027586206896551724	0.16206896551724137	0.10689655172413794	0.3758620689655172
Q04364	0.321011673151751	0.10116731517509728	0.14980544747081712	0.10894941634241245	0.31906614785992216
A9WIJ8	0.4601449275362319	0.050724637681159424	0.13043478260869565	0.10869565217391304	0.25
P33330	0.41265822784810124	0.08354430379746836	0.13924050632911392	0.1240506329113924	0.24050632911392406
P60484	0.27791563275434245	0.12406947890818859	0.1662531017369727	0.15384615384615385	0.27791563275434245
P28328	0.36721311475409835	0.12786885245901639	0.1377049180327869	0.07540983606557378	0.29180327868852457
Q06593	0.3808437856328392	0.18129988597491448	0.09806157354618016	0.07867730900798175	0.2611174458380844
Q92570	0.33865814696485624	0.06869009584664537	0.134185303514377	0.08945686900958466	0.36900958466453676
P18480	0.29171270718232045	0.051933701657458566	0.11049723756906077	0.08729281767955802	0.4585635359116022
Q7NND8	0.43548387096774194	0.05806451612903226	0.11612903225806452	0.11290322580645161	0.27741935483870966
Q08211	0.3937007874015748	0.08661417322834646	0.12992125984251968	0.115748031496063	0.2740157480314961
E4NKF8	0.41786743515850144	0.04899135446685879	0.1282420749279539	0.11671469740634005	0.2881844380403458
O05393	0.4495114006514658	0.07166123778501629	0.11726384364820847	0.1237785016286645	0.23778501628664495
Q9XEA6	0.49221183800623053	0.0529595015576324	0.1059190031152648	0.11526479750778816	0.2336448598130841
P25379	0.41388888888888886	0.075	0.13055555555555556	0.09166666666666666	0.28888888888888886
P33760	0.3679611650485437	0.0941747572815534	0.11359223300970873	0.11747572815533981	0.3067961165048544
P17559	0.4270833333333333	0.03125	0.08333333333333333	0.10416666666666667	0.3541666666666667
P07207	0.32519422863485015	0.05808361080281169	0.09951905290418055	0.1072881982981872	0.4099149093599704
Q96255	0.38372093023255816	0.08604651162790698	0.1325581395348837	0.10930232558139535	0.28837209302325584
P49953	0.23430962343096234	0.0794979079497908	0.2301255230125523	0.07112970711297072	0.38493723849372385
Q12891	0.3678646934460888	0.12050739957716702	0.13742071881606766	0.09090909090909091	0.2832980972515856
P20795	0.3516642547033285	0.085383502170767	0.12156295224312591	0.13603473227206947	0.3053545586107091
Q58989	0.43601895734597157	0.04739336492890995	0.1943127962085308	0.1895734597156398	0.13270142180094788
Q7ND67	0.4624413145539906	0.06338028169014084	0.13145539906103287	0.11032863849765258	0.2323943661971831
B8E008	0.42028985507246375	0.0966183574879227	0.1570048309178744	0.13043478260869565	0.1956521739130435
P80862	0.3732590529247911	0.09192200557103064	0.12534818941504178	0.12534818941504178	0.2841225626740947
O00623	0.3788300835654596	0.11142061281337047	0.14206128133704735	0.07799442896935933	0.28969359331476324
O75122	0.3601236476043277	0.05409582689335394	0.14605873261205565	0.11669242658423493	0.3230293663060278
P40046	0.4806201550387597	0.12403100775193798	0.13178294573643412	0.046511627906976744	0.21705426356589147
Q62432	0.3233404710920771	0.08779443254817987	0.11777301927194861	0.10278372591006424	0.3683083511777302
Q9ES57	0.3558282208588957	0.0705521472392638	0.08588957055214724	0.08895705521472393	0.3987730061349693
P09483	0.37936507936507935	0.0873015873015873	0.1126984126984127	0.09523809523809523	0.3253968253968254
Q9VLA2	0.3184818481848185	0.08415841584158416	0.14356435643564355	0.066006600660066	0.38778877887788776
Q8VCF0	0.34791252485089463	0.05168986083499006	0.09343936381709742	0.0874751491053678	0.4194831013916501
O94813	0.33485938521909747	0.06932635709614127	0.12949640287769784	0.1092217135382603	0.3570961412688031
P23415	0.3676148796498906	0.12253829321663019	0.13347921225382933	0.09846827133479212	0.2778993435448578
Q9Y3I1	0.34674329501915707	0.07854406130268199	0.11877394636015326	0.10919540229885058	0.34674329501915707
P34230	0.3528722157092614	0.07854630715123095	0.15357561547479484	0.11723329425556858	0.2977725674091442
Q0VCW4	0.4892966360856269	0.045871559633027525	0.1162079510703364	0.09785932721712538	0.25076452599388377
P32912	0.3322784810126582	0.05379746835443038	0.18670886075949367	0.16772151898734178	0.25949367088607594
Q9LM59	0.3739565943238731	0.08848080133555926	0.1419031719532554	0.12186978297161936	0.27378964941569284
O88282	0.34177215189873417	0.06751054852320675	0.16244725738396623	0.07172995780590717	0.35654008438818563
O74382	0.4429530201342282	0.050335570469798654	0.1174496644295302	0.12751677852348994	0.26174496644295303
Q500Y9	0.38801261829652994	0.06309148264984227	0.12933753943217666	0.10410094637223975	0.31545741324921134
O23254	0.40552016985138006	0.09978768577494693	0.1316348195329087	0.11252653927813164	0.2505307855626327
P12868	0.34499514091350825	0.0913508260447036	0.1360544217687075	0.13702623906705538	0.29057337220602525
Q94JQ3	0.40264650283553877	0.07939508506616257	0.13988657844990549	0.10396975425330812	0.2741020793950851
Q10104	0.3975409836065574	0.09016393442622951	0.1598360655737705	0.10655737704918032	0.2459016393442623
Q6LA56	0.34096692111959287	0.0916030534351145	0.1297709923664122	0.12213740458015267	0.3155216284987277
P37237	0.332089552238806	0.07462686567164178	0.20522388059701493	0.08582089552238806	0.30223880597014924
P31135	0.5141955835962145	0.11987381703470032	0.07886435331230283	0.056782334384858045	0.2302839116719243
O34476	0.4533762057877814	0.05466237942122187	0.10610932475884244	0.12218649517684887	0.26366559485530544
P20052	0.3174061433447099	0.08532423208191127	0.16040955631399317	0.10238907849829351	0.33447098976109213
P38841	0.39473684210526316	0.08771929824561403	0.12280701754385964	0.14912280701754385	0.24561403508771928
P40340	0.3060188542422045	0.0674401740391588	0.154459753444525	0.1791153009427121	0.29296591733139954
O75381	0.3421750663129973	0.03713527851458886	0.1220159151193634	0.15649867374005305	0.3421750663129973
Q9CA86	0.37537537537537535	0.10810810810810811	0.14114114114114115	0.08408408408408409	0.2912912912912913
Q9EPK8	0.3857634902411022	0.10677382319173363	0.12743972445464982	0.11021814006888633	0.269804822043628
O43175	0.46904315196998125	0.0450281425891182	0.1050656660412758	0.09568480300187618	0.2851782363977486
Q8LGF7	0.3630573248407643	0.09554140127388536	0.1337579617834395	0.10191082802547771	0.3057324840764331
B1L5K9	0.44930875576036866	0.07834101382488479	0.15898617511520738	0.1336405529953917	0.17972350230414746
O74989	0.33766233766233766	0.06493506493506493	0.15584415584415584	0.16883116883116883	0.2727272727272727
P21917	0.47255369928400953	0.06205250596658711	0.09785202863961814	0.05489260143198091	0.3126491646778043
Q91Y57	0.3576017130620985	0.08137044967880086	0.11134903640256959	0.08565310492505353	0.3640256959314775
Q8SQA6	0.3978494623655914	0.0967741935483871	0.08602150537634409	0.08602150537634409	0.3333333333333333
Q8RGM4	0.40074906367041196	0.0898876404494382	0.1760299625468165	0.13108614232209737	0.20224719101123595
Q7SGP2	0.4098479362780594	0.05430847212165098	0.1325126719768284	0.1339608979000724	0.26937002172338886
Q99MT6	0.39747634069400634	0.15772870662460567	0.10410094637223975	0.056782334384858045	0.28391167192429023
Q9VAN0	0.43956043956043955	0.08791208791208792	0.10989010989010989	0.09065934065934066	0.27197802197802196
P47374	0.36293436293436293	0.11969111969111969	0.1274131274131274	0.09652509652509653	0.29343629343629346
Q28412	0.4267515923566879	0.05732484076433121	0.10191082802547771	0.12101910828025478	0.2929936305732484
Q5PP26	0.3915094339622642	0.08490566037735849	0.09905660377358491	0.10377358490566038	0.32075471698113206
Q5BD67	0.4439252336448598	0.06542056074766354	0.13317757009345793	0.11214953271028037	0.24532710280373832
P78810	0.3273231622746186	0.12482662968099861	0.15672676837725383	0.14285714285714285	0.24826629680998613
P0AFK9	0.3879310344827586	0.11206896551724138	0.11494252873563218	0.12643678160919541	0.25862068965517243
P18893	0.3651685393258427	0.08426966292134831	0.15730337078651685	0.11235955056179775	0.2808988764044944
P22217	0.4368932038834951	0.0970873786407767	0.0970873786407767	0.1262135922330097	0.24271844660194175
Q79FV4	0.44623655913978494	0.08064516129032258	0.10752688172043011	0.0967741935483871	0.26881720430107525
Q874C0	0.3874709976798144	0.08816705336426914	0.10440835266821345	0.12529002320185614	0.29466357308584684
P87228	0.41630901287553645	0.06437768240343347	0.12875536480686695	0.11587982832618025	0.27467811158798283
Q08986	0.4395229982964225	0.12436115843270869	0.09028960817717206	0.07495741056218058	0.2708688245315162
P16703	0.45874587458745875	0.052805280528052806	0.11551155115511551	0.12211221122112212	0.2508250825082508
O35437	0.3407821229050279	0.0446927374301676	0.16201117318435754	0.12290502793296089	0.329608938547486
Q13608	0.463265306122449	0.04285714285714286	0.11122448979591837	0.10510204081632653	0.27755102040816326
K7PEY4	0.43155893536121676	0.08365019011406843	0.12927756653992395	0.08555133079847908	0.26996197718631176
A4IGV6	0.3073170731707317	0.05853658536585366	0.18048780487804877	0.1024390243902439	0.35121951219512193
Q9BYX4	0.35609756097560974	0.06926829268292684	0.14536585365853658	0.15414634146341463	0.2751219512195122
Q09707	0.4251207729468599	0.0821256038647343	0.11594202898550725	0.1111111111111111	0.26570048309178745
P11954	0.47112462006079026	0.0486322188449848	0.12462006079027356	0.11854103343465046	0.23708206686930092
P11035	0.37295528898582336	0.0970556161395856	0.1395856052344602	0.12431842966194111	0.26608505997818976
P05524	0.3836734693877551	0.07346938775510205	0.19591836734693877	0.0653061224489796	0.2816326530612245
Q54Z26	0.4026258205689278	0.08971553610503283	0.1487964989059081	0.13347921225382933	0.22538293216630198
P37292	0.40408163265306124	0.08163265306122448	0.14081632653061224	0.1	0.27346938775510204
O53289	0.5403422982885085	0.04156479217603912	0.10024449877750612	0.1295843520782396	0.1882640586797066
Q923Z0	0.45365853658536587	0.1048780487804878	0.1048780487804878	0.07073170731707316	0.2658536585365854
Q6ZSG2	0.3089770354906054	0.04592901878914405	0.15031315240083507	0.12317327766179541	0.37160751565762007
Q8C180	0.28937007874015747	0.05511811023622047	0.1437007874015748	0.1377952755905512	0.37401574803149606
Q15836	0.43	0.07	0.13	0.11	0.26
Q7Z460	0.35695708712613783	0.053966189856957086	0.1553966189856957	0.11443433029908973	0.31924577373211965
P39109	0.41188118811881186	0.10231023102310231	0.12211221122112212	0.09438943894389439	0.2693069306930693
Q8CII9	0.44846796657381616	0.06963788300835655	0.10306406685236769	0.10027855153203342	0.2785515320334262
Q9V8P9	0.315028901734104	0.049132947976878616	0.11753371868978806	0.1676300578034682	0.35067437379576105
P39518	0.3709677419354839	0.0967741935483871	0.13844086021505375	0.11827956989247312	0.27553763440860213
Q60E60	0.354251012145749	0.07894736842105263	0.13562753036437247	0.11538461538461539	0.3157894736842105
Q19374	0.37701149425287356	0.12183908045977011	0.14022988505747128	0.10574712643678161	0.25517241379310346
O43933	0.37957911145752143	0.06313328137178488	0.13250194855806702	0.12314886983632112	0.3016367887763055
Q9UT98	0.38082901554404147	0.09585492227979274	0.13989637305699482	0.08031088082901554	0.30310880829015546
P58058	0.36446469248291574	0.07517084282460136	0.1252847380410023	0.11161731207289294	0.3234624145785877
Q9N0V7	0.4246823956442831	0.056261343012704176	0.12704174228675136	0.12885662431941924	0.2631578947368421
P77962	0.44028103044496486	0.0702576112412178	0.12646370023419204	0.11475409836065574	0.24824355971896955
Q58992	0.3986013986013986	0.09090909090909091	0.15384615384615385	0.1585081585081585	0.19813519813519814
O54908	0.38235294117647056	0.05514705882352941	0.15808823529411764	0.07720588235294118	0.3272058823529412
Q8CGB3	0.33947554925584694	0.027639971651311126	0.1927710843373494	0.1708008504606662	0.2693125442948264
Q8VEB2	0.28756476683937826	0.10880829015544041	0.16580310880829016	0.11139896373056994	0.32642487046632124
P11632	0.26881720430107525	0.08602150537634409	0.23655913978494625	0.15053763440860216	0.25806451612903225
O70133	0.4210144927536232	0.09347826086956522	0.12028985507246377	0.10797101449275362	0.2572463768115942
O14017	0.3930635838150289	0.09248554913294797	0.10115606936416185	0.12427745664739884	0.28901734104046245
P13365	0.3017241379310345	0.09827586206896552	0.11724137931034483	0.06896551724137931	0.41379310344827586
F4KI56	0.40756302521008403	0.07142857142857142	0.15126050420168066	0.1638655462184874	0.20588235294117646
O54928	0.292910447761194	0.08022388059701492	0.17164179104477612	0.11940298507462686	0.3358208955223881
Q8EGS1	0.4623287671232877	0.06506849315068493	0.136986301369863	0.11301369863013698	0.2226027397260274
P23643	0.3264094955489614	0.08704253214638971	0.14540059347181009	0.17210682492581603	0.26904055390702275
O14345	0.3495440729483283	0.1519756838905775	0.10638297872340426	0.0668693009118541	0.3252279635258359
Q61483	0.30886426592797783	0.0817174515235457	0.12188365650969529	0.1149584487534626	0.37257617728531855
P18759	0.39577836411609496	0.07387862796833773	0.13324538258575197	0.11873350923482849	0.2783641160949868
P32602	0.3561643835616438	0.09931506849315068	0.136986301369863	0.1643835616438356	0.24315068493150685
P32232	0.41532976827094475	0.05525846702317291	0.13368983957219252	0.12477718360071301	0.2709447415329768
O75084	0.42160278745644597	0.1289198606271777	0.10627177700348432	0.07665505226480836	0.2665505226480836
Q10209	0.34183673469387754	0.07653061224489796	0.17857142857142858	0.1760204081632653	0.22704081632653061
Q9WVG7	0.32706766917293234	0.08270676691729323	0.20676691729323307	0.07142857142857142	0.31203007518796994
Q9SRR0	0.45723684210526316	0.10197368421052631	0.06578947368421052	0.039473684210526314	0.3355263157894737
Q8TKQ5	0.44727272727272727	0.06909090909090909	0.13454545454545455	0.13454545454545455	0.21454545454545454
Q07468	0.31839847473784555	0.10581506196377502	0.1601525262154433	0.13727359389895138	0.2783603431839847
Q05246	0.42857142857142855	0.03571428571428571	0.19642857142857142	0.125	0.21428571428571427
P97767	0.3299492385786802	0.09644670050761421	0.09475465313028765	0.09137055837563451	0.38747884940778343
P38429	0.23880597014925373	0.07462686567164178	0.1890547263681592	0.0945273631840796	0.40298507462686567
P14555	0.3194444444444444	0.09722222222222222	0.2013888888888889	0.05555555555555555	0.3263888888888889
Q7UQL3	0.3829787234042553	0.0851063829787234	0.1196808510638298	0.125	0.2872340425531915
Q9C5Z7	0.4391891891891892	0.08108108108108109	0.17567567567567569	0.13513513513513514	0.16891891891891891
O13955	0.3370165745856354	0.10497237569060773	0.12486187845303867	0.11712707182320442	0.3160220994475138
Q61090	0.4090909090909091	0.12937062937062938	0.11013986013986014	0.07692307692307693	0.2744755244755245
Q93244	0.49853372434017595	0.04985337243401759	0.09970674486803519	0.09970674486803519	0.25219941348973607
Q075B4	0.3316062176165803	0.07772020725388601	0.15284974093264247	0.13471502590673576	0.30310880829015546
Q8ZH09	0.4300341296928328	0.07167235494880546	0.1296928327645051	0.10921501706484642	0.2593856655290102
O45679	0.4629080118694362	0.05341246290801187	0.12166172106824925	0.10682492581602374	0.2551928783382789
P33897	0.44966442953020136	0.08322147651006712	0.1395973154362416	0.10067114093959731	0.22684563758389262
Q81BC0	0.38333333333333336	0.08888888888888889	0.1111111111111111	0.11944444444444445	0.2972222222222222
Q7Z5A8	0.3533834586466165	0.06015037593984962	0.13533834586466165	0.07518796992481203	0.37593984962406013
O74711	0.32263513513513514	0.09121621621621621	0.10641891891891891	0.14020270270270271	0.33952702702702703
P41909	0.3896551724137931	0.10574712643678161	0.1528735632183908	0.10114942528735632	0.25057471264367814
O59731	0.36901408450704226	0.08169014084507042	0.16056338028169015	0.18028169014084508	0.2084507042253521
Q9I138	0.46172248803827753	0.07655502392344497	0.13636363636363635	0.11961722488038277	0.20574162679425836
Q9SAC6	0.3788420300214439	0.0764832022873481	0.14295925661186562	0.14367405289492494	0.2580414581844174
Q06892	0.34299516908212563	0.07729468599033816	0.14492753623188406	0.0966183574879227	0.33816425120772947
Q9BXM7	0.46471600688468157	0.06540447504302926	0.12736660929432014	0.07917383820998279	0.2633390705679862
Q08474	0.4298245614035088	0.07017543859649122	0.07894736842105263	0.07894736842105263	0.34210526315789475
P22803	0.4423076923076923	0.09615384615384616	0.09615384615384616	0.125	0.2403846153846154
P38959	0.3346774193548387	0.09274193548387097	0.12903225806451613	0.1663306451612903	0.2772177419354839
Q9QXT6	0.34444444444444444	0.06111111111111111	0.16111111111111112	0.07777777777777778	0.35555555555555557
P76057	0.36619718309859156	0.15492957746478872	0.15492957746478872	0.09859154929577464	0.22535211267605634
P11416	0.3333333333333333	0.06277056277056277	0.1277056277056277	0.10173160173160173	0.37445887445887444
Q3SZ20	0.4126984126984127	0.07936507936507936	0.14285714285714285	0.11507936507936507	0.25
Q43725	0.43488372093023253	0.053488372093023255	0.11627906976744186	0.10465116279069768	0.29069767441860467
P49754	0.3618266978922717	0.08196721311475409	0.16393442622950818	0.16276346604215455	0.22950819672131148
Q9QZB6	0.33811802232854865	0.0685805422647528	0.1339712918660287	0.09090909090909091	0.3684210526315789
Q05910	0.35108958837772397	0.06658595641646489	0.13559322033898305	0.09564164648910412	0.35108958837772397
P95231	0.5458515283842795	0.05240174672489083	0.12663755458515283	0.09170305676855896	0.18340611353711792
P34897	0.4107142857142857	0.08134920634920635	0.1488095238095238	0.1130952380952381	0.24603174603174602
B6A8R8	0.3506944444444444	0.08680555555555555	0.11805555555555555	0.06944444444444445	0.375
P26684	0.40375586854460094	0.11971830985915492	0.1056338028169014	0.06572769953051644	0.3051643192488263
P01584	0.3271375464684015	0.11152416356877323	0.11152416356877323	0.1524163568773234	0.29739776951672864
P43844	0.43705463182897863	0.0855106888361045	0.12826603325415678	0.11401425178147269	0.23515439429928742
P40855	0.34782608695652173	0.05351170568561873	0.0903010033444816	0.19732441471571907	0.3110367892976589
C8VCP8	0.35173824130879344	0.10429447852760736	0.147239263803681	0.09611451942740286	0.3006134969325153
Q9EPW9	0.3572327044025157	0.09811320754716982	0.12955974842767295	0.09685534591194969	0.3182389937106918
P32582	0.3905325443786982	0.07297830374753451	0.14398422090729784	0.13609467455621302	0.2564102564102564
P42260	0.3909691629955947	0.10462555066079295	0.12555066079295155	0.10682819383259912	0.2720264317180617
Q13609	0.32131147540983607	0.10491803278688525	0.18688524590163935	0.12459016393442623	0.26229508196721313
Q9ER74	0.33963691376701965	0.0453857791225416	0.11422087745839637	0.0907715582450832	0.40998487140695916
O94907	0.36466165413533835	0.05639097744360902	0.16541353383458646	0.07894736842105263	0.33458646616541354
P60900	0.3821138211382114	0.08943089430894309	0.13414634146341464	0.12601626016260162	0.2682926829268293
P40645	0.32043530834340994	0.0471584038694075	0.14268440145102781	0.1185006045949214	0.37122128174123337
P44997	0.4426751592356688	0.08598726114649681	0.09872611464968153	0.12420382165605096	0.2484076433121019
Q07824	0.46928327645051193	0.12798634812286688	0.08873720136518772	0.07508532423208192	0.23890784982935154
Q9M841	0.3816793893129771	0.10941475826972011	0.14249363867684478	0.10432569974554708	0.26208651399491095
Q9UMW8	0.34139784946236557	0.08602150537634409	0.15053763440860216	0.11290322580645161	0.30913978494623656
P94512	0.3769230769230769	0.11923076923076924	0.12692307692307692	0.16538461538461538	0.21153846153846154
Q5M819	0.4177777777777778	0.08888888888888889	0.13777777777777778	0.14222222222222222	0.21333333333333335
P25911	0.341796875	0.10546875	0.158203125	0.14453125	0.25
P44497	0.43157894736842106	0.07017543859649122	0.14035087719298245	0.11228070175438597	0.24561403508771928
Q9P7K3	0.32293986636971045	0.0957683741648107	0.13140311804008908	0.10467706013363029	0.34521158129175944
P70288	0.3463114754098361	0.10040983606557377	0.16188524590163936	0.1598360655737705	0.23155737704918034
P25119	0.33544303797468356	0.04219409282700422	0.10759493670886076	0.08649789029535865	0.4282700421940928
P06787	0.3945578231292517	0.05442176870748299	0.08843537414965986	0.20408163265306123	0.2585034013605442
P18428	0.4095634095634096	0.0893970893970894	0.11226611226611227	0.0997920997920998	0.288981288981289
Q8A9S7	0.4460093896713615	0.06807511737089202	0.13380281690140844	0.12441314553990611	0.22769953051643194
P61028	0.3526570048309179	0.10144927536231885	0.1642512077294686	0.13043478260869565	0.25120772946859904
Q62231	0.30985915492957744	0.07746478873239436	0.16901408450704225	0.10211267605633803	0.3415492957746479
P23242	0.3586387434554974	0.112565445026178	0.1387434554973822	0.09424083769633508	0.29581151832460734
O88593	0.3791208791208791	0.1043956043956044	0.13736263736263737	0.09340659340659341	0.2857142857142857
P32053	0.387409200968523	0.06779661016949153	0.16464891041162227	0.11380145278450363	0.26634382566585957
Q9S281	0.5195121951219512	0.041463414634146344	0.10975609756097561	0.13170731707317074	0.1975609756097561
P35398	0.3231357552581262	0.08221797323135756	0.13957934990439771	0.12237093690248566	0.3326959847036329
Q74FW6	0.4975124378109453	0.0472636815920398	0.1318407960199005	0.11691542288557213	0.2064676616915423
P28077	0.4931506849315068	0.0821917808219178	0.0958904109589041	0.1187214611872146	0.2100456621004566
Q9NZH0	0.47890818858560796	0.10669975186104218	0.10173697270471464	0.07196029776674938	0.24069478908188585
O55159	0.38412698412698415	0.07301587301587302	0.13333333333333333	0.12698412698412698	0.28253968253968254
Q9Y5Y5	0.41964285714285715	0.09226190476190477	0.15476190476190477	0.08928571428571429	0.24404761904761904
Q9P6N4	0.3432671081677704	0.09271523178807947	0.12030905077262694	0.12030905077262694	0.32339955849889623
P32800	0.36531365313653136	0.14022140221402213	0.12546125461254612	0.05904059040590406	0.30996309963099633
Q8T8P3	0.3900134952766532	0.09851551956815115	0.15384615384615385	0.10121457489878542	0.2564102564102564
P38531	0.37044967880085655	0.057815845824411134	0.11777301927194861	0.145610278372591	0.3083511777301927
Q9JIW5	0.2930232558139535	0.09534883720930233	0.1558139534883721	0.08837209302325581	0.3674418604651163
P35056	0.3300653594771242	0.08333333333333333	0.11764705882352941	0.1437908496732026	0.32516339869281047
P76037	0.4880694143167028	0.13665943600867678	0.08676789587852494	0.049891540130151846	0.2386117136659436
Q84WV0	0.3712374581939799	0.07190635451505016	0.15719063545150502	0.11371237458193979	0.28595317725752506
Q920Q0	0.33159268929503916	0.018276762402088774	0.13577023498694518	0.17754569190600522	0.3368146214099217
Q60954	0.35384615384615387	0.06153846153846154	0.14615384615384616	0.12564102564102564	0.3128205128205128
P53248	0.38879456706281834	0.11035653650254669	0.11714770797962648	0.08488964346349745	0.298811544991511
Q5BGE2	0.37212121212121213	0.08	0.13454545454545455	0.0993939393939394	0.31393939393939396
P14780	0.3422913719943423	0.12022630834512023	0.12022630834512023	0.1173974540311174	0.29985855728429983
Q8K3Z0	0.41568627450980394	0.07254901960784314	0.13137254901960785	0.10196078431372549	0.2784313725490196
P15702	0.3721518987341772	0.017721518987341773	0.07341772151898734	0.09367088607594937	0.4430379746835443
Q9VC27	0.3553956834532374	0.11079136690647481	0.09784172661870504	0.09352517985611511	0.3424460431654676
Q8A8L4	0.4169014084507042	0.10140845070422536	0.1295774647887324	0.1267605633802817	0.22535211267605634
P30543	0.4609756097560976	0.1048780487804878	0.1048780487804878	0.04878048780487805	0.2804878048780488
P19659	0.31822386679000925	0.039777983348751156	0.1147086031452359	0.06567992599444958	0.4616096207215541
Q19954	0.36182019977802443	0.0876803551609323	0.1320754716981132	0.146503884572697	0.27192008879023305
P25031	0.36	0.12	0.10285714285714286	0.08	0.33714285714285713
P09624	0.44488977955911824	0.056112224448897796	0.156312625250501	0.12424849699398798	0.218436873747495
O59701	0.4017094017094017	0.08262108262108261	0.13675213675213677	0.09116809116809117	0.28774928774928776
Q9XF57	0.3753943217665615	0.1167192429022082	0.11987381703470032	0.12618296529968454	0.2618296529968454
Q9WVC1	0.360313315926893	0.06266318537859007	0.14360313315926893	0.097911227154047	0.33550913838120106
P37291	0.39232409381663114	0.08742004264392324	0.14925373134328357	0.11727078891257996	0.2537313432835821
Q9SYU4	0.3700787401574803	0.09448818897637795	0.12335958005249344	0.09186351706036745	0.32020997375328086
P17610	0.38317757009345793	0.0794392523364486	0.12149532710280374	0.13551401869158877	0.2803738317757009
Q15628	0.42948717948717946	0.05448717948717949	0.13141025641025642	0.1282051282051282	0.2564102564102564
Q8K4C5	0.35051546391752575	0.05154639175257732	0.15463917525773196	0.0979381443298969	0.34536082474226804
P13838	0.36243386243386244	0.03968253968253968	0.06613756613756613	0.08465608465608465	0.4470899470899471
P34819	0.34759358288770054	0.12834224598930483	0.13368983957219252	0.1443850267379679	0.24598930481283424
Q86IZ3	0.3624161073825503	0.10067114093959731	0.12751677852348994	0.12751677852348994	0.28187919463087246
Q9KSU7	0.4423076923076923	0.09615384615384616	0.1043956043956044	0.12912087912087913	0.22802197802197802
Q8VE49	0.44868035190615835	0.11143695014662756	0.093841642228739	0.06744868035190615	0.2785923753665689
Q8BGD7	0.3428927680798005	0.08728179551122195	0.08229426433915212	0.12219451371571072	0.3653366583541147
Q9VSY6	0.4222222222222222	0.07037037037037037	0.10740740740740741	0.10740740740740741	0.29259259259259257
Q9Y617	0.43513513513513513	0.0891891891891892	0.11891891891891893	0.1	0.25675675675675674
P17706	0.3180722891566265	0.0963855421686747	0.163855421686747	0.13012048192771083	0.29156626506024097
P93043	0.37551020408163266	0.0836734693877551	0.14081632653061224	0.16020408163265307	0.23979591836734693
Q6EQG2	0.38769230769230767	0.052307692307692305	0.13230769230769232	0.10461538461538461	0.3230769230769231
Q9Y4C4	0.4211026615969582	0.06653992395437262	0.14068441064638784	0.09980988593155894	0.2718631178707224
Q9BQE4	0.3776595744680851	0.05851063829787234	0.19148936170212766	0.1276595744680851	0.24468085106382978
Q9WTK0	0.3125	0.05	0.1875	0.125	0.325
P60033	0.4830508474576271	0.11440677966101695	0.07203389830508475	0.08050847457627118	0.25
P39968	0.4134948096885813	0.04325259515570934	0.10899653979238755	0.12802768166089964	0.3062283737024221
Q54S31	0.25668449197860965	0.09893048128342247	0.1443850267379679	0.10160427807486631	0.3983957219251337
P30729	0.4573643410852713	0.07493540051679587	0.09302325581395349	0.05426356589147287	0.32041343669250644
P10417	0.4194915254237288	0.11440677966101695	0.1271186440677966	0.1016949152542373	0.23728813559322035
P05231	0.3584905660377358	0.07075471698113207	0.1179245283018868	0.11320754716981132	0.33962264150943394
P32837	0.47810858143607704	0.12259194395796848	0.07705779334500876	0.07180385288966724	0.2504378283712785
O42895	0.35462555066079293	0.10572687224669604	0.14757709251101322	0.11674008810572688	0.2753303964757709
P32114	0.36231884057971014	0.07004830917874397	0.13043478260869565	0.09420289855072464	0.34299516908212563
O13863	0.30726256983240224	0.0856610800744879	0.13594040968342644	0.12476722532588454	0.3463687150837989
Q5UW37	0.33613445378151263	0.058823529411764705	0.24369747899159663	0.058823529411764705	0.3025210084033613
P36966	0.3916015625	0.068359375	0.130859375	0.13671875	0.2724609375
Q9KMP4	0.45517241379310347	0.06206896551724138	0.11954022988505747	0.10114942528735632	0.2620689655172414
P53206	0.4223918575063613	0.07124681933842239	0.14249363867684478	0.10687022900763359	0.25699745547073793
P87131	0.42025316455696204	0.07088607594936709	0.1341772151898734	0.10632911392405063	0.2683544303797468
P13504	0.3454861111111111	0.11805555555555555	0.13368055555555555	0.12152777777777778	0.28125
O67055	0.4051094890510949	0.10583941605839416	0.1897810218978102	0.10218978102189781	0.19708029197080293
P38255	0.3395348837209302	0.04883720930232558	0.12790697674418605	0.16744186046511628	0.31627906976744186
O00628	0.3715170278637771	0.11145510835913312	0.11145510835913312	0.11145510835913312	0.29411764705882354
Q9EPI6	0.32706766917293234	0.07518796992481203	0.18796992481203006	0.12969924812030076	0.2800751879699248
O08651	0.474671669793621	0.043151969981238276	0.10318949343339587	0.09380863039399624	0.2851782363977486
P32622	0.3474747474747475	0.08282828282828283	0.13535353535353536	0.13737373737373737	0.296969696969697
P70326	0.29343629343629346	0.08687258687258688	0.14671814671814673	0.0945945945945946	0.3783783783783784
Q8WZY3	0.4574468085106383	0.05319148936170213	0.10638297872340426	0.1276595744680851	0.2553191489361702
Q92930	0.36231884057971014	0.10144927536231885	0.1642512077294686	0.13043478260869565	0.24154589371980675
Q00724	0.3333333333333333	0.12437810945273632	0.14427860696517414	0.14427860696517414	0.2537313432835821
P42836	0.3541666666666667	0.125	0.14285714285714285	0.10119047619047619	0.2767857142857143
P48035	0.4015151515151515	0.07575757575757576	0.13636363636363635	0.14393939393939395	0.24242424242424243
Q5A506	0.29991915925626517	0.09620048504446241	0.137429264349232	0.12530315278900567	0.34114793856103476
Q2T9L4	0.3037542662116041	0.04778156996587031	0.13651877133105803	0.16723549488054607	0.3447098976109215
O42446	0.3767605633802817	0.1056338028169014	0.11267605633802817	0.10915492957746478	0.29577464788732394
Q759H4	0.4327354260089686	0.06053811659192825	0.13228699551569506	0.13452914798206278	0.2399103139013453
Q12241	0.2968197879858657	0.04240282685512368	0.15901060070671377	0.13074204946996468	0.3710247349823322
Q9NYA1	0.4583333333333333	0.07552083333333333	0.12760416666666666	0.1015625	0.23697916666666666
Q54CN7	0.3994708994708995	0.0873015873015873	0.12169312169312169	0.10052910052910052	0.291005291005291
Q72H00	0.4859437751004016	0.08433734939759036	0.14859437751004015	0.1566265060240964	0.12449799196787148
P08155	0.32781065088757394	0.0485207100591716	0.15502958579881657	0.09585798816568047	0.3727810650887574
Q10349	0.41131105398457585	0.08740359897172237	0.13624678663239073	0.11825192802056556	0.2467866323907455
P59046	0.3930254476908577	0.07540056550424128	0.13760603204524033	0.11592836946277098	0.2780395852968897
Q00055	0.42455242966751916	0.0792838874680307	0.12020460358056266	0.1278772378516624	0.24808184143222506
