A0A120HUS7	0.055350553505535055	0.0036900369003690036	0.07011070110701106	0.04797047970479705	0.04428044280442804	0.04428044280442804	0.07749077490774908	0.06642066420664207	0.06642066420664207	0.08856088560885608	0.025830258302583026	0.03690036900369004	0.05904059040590406	0.02952029520295203	0.04059040590405904	0.033210332103321034	0.08118081180811808	0.06273062730627306	0.014760147601476014	0.05166051660516605
O08849	0.08530805687203792	0.023696682464454975	0.037914691943127965	0.0947867298578199	0.06635071090047394	0.02843601895734597	0.009478672985781991	0.04265402843601896	0.12796208530805686	0.07582938388625593	0.023696682464454975	0.03317535545023697	0.052132701421800945	0.061611374407582936	0.03317535545023697	0.08056872037914692	0.061611374407582936	0.018957345971563982	0.014218009478672985	0.02843601895734597
Q7ZV46	0.06643356643356643	0.038461538461538464	0.045454545454545456	0.05244755244755245	0.04195804195804196	0.08391608391608392	0.024475524475524476	0.03496503496503497	0.03496503496503497	0.11188811188811189	0.006993006993006993	0.017482517482517484	0.045454545454545456	0.05944055944055944	0.07342657342657342	0.08741258741258741	0.055944055944055944	0.07342657342657342	0.013986013986013986	0.03146853146853147
Q9RJS6	0.1349862258953168	0.008264462809917356	0.0743801652892562	0.06611570247933884	0.01652892561983471	0.10192837465564739	0.011019283746556474	0.024793388429752067	0.0027548209366391185	0.12121212121212122	0.01652892561983471	0.011019283746556474	0.0743801652892562	0.008264462809917356	0.09917355371900827	0.05234159779614325	0.049586776859504134	0.09641873278236915	0.013774104683195593	0.01652892561983471
O22682	0.09158415841584158	0.0049504950495049506	0.03217821782178218	0.06930693069306931	0.034653465346534656	0.08415841584158416	0.01485148514851485	0.06683168316831684	0.06683168316831684	0.08663366336633663	0.0297029702970297	0.039603960396039604	0.05198019801980198	0.01485148514851485	0.04702970297029703	0.08663366336633663	0.07920792079207921	0.08168316831683169	0.0024752475247524753	0.01485148514851485
Q9P7Q4	0.07196969696969698	0.007575757575757576	0.05176767676767677	0.06691919191919192	0.04671717171717172	0.06944444444444445	0.020202020202020204	0.06818181818181818	0.05176767676767677	0.08207070707070707	0.03409090909090909	0.05176767676767677	0.05303030303030303	0.04040404040404041	0.05808080808080808	0.08207070707070707	0.050505050505050504	0.07196969696969698	0.005050505050505051	0.016414141414141416
Q9ERB4	0.05697589481373265	0.013148283418553688	0.0577063550036523	0.10080350620891161	0.0339663988312637	0.056610664718772824	0.02410518626734843	0.046384222059897735	0.04127100073046019	0.0664718772826881	0.02191380569758948	0.029948867786705625	0.07158509861212564	0.038349159970781595	0.03031409788166545	0.1139517896274653	0.10774287801314829	0.054419284149013876	0.008765522279035792	0.02556610664718773
O67507	0.0856269113149847	0.009174311926605505	0.04892966360856269	0.07339449541284404	0.039755351681957186	0.09480122324159021	0.01529051987767584	0.0764525993883792	0.0856269113149847	0.09174311926605505	0.01834862385321101	0.03058103975535168	0.04892966360856269	0.021406727828746176	0.039755351681957186	0.039755351681957186	0.05504587155963303	0.07033639143730887	0.01834862385321101	0.03669724770642202
Q91V88	0.049910873440285206	0.0677361853832442	0.05525846702317291	0.03208556149732621	0.023172905525846704	0.1051693404634581	0.035650623885918005	0.0481283422459893	0.04634581105169341	0.0659536541889483	0.0142602495543672	0.030303030303030304	0.08912655971479501	0.044563279857397504	0.07130124777183601	0.058823529411764705	0.0677361853832442	0.049910873440285206	0.016042780748663103	0.0285204991087344
P50947	0.0696969696969697	0.024242424242424242	0.05757575757575758	0.07272727272727272	0.015151515151515152	0.051515151515151514	0.03939393939393939	0.03939393939393939	0.0696969696969697	0.08787878787878788	0.02727272727272727	0.08787878787878788	0.03939393939393939	0.024242424242424242	0.06363636363636363	0.09393939393939393	0.06060606060606061	0.03939393939393939	0.006060606060606061	0.030303030303030304
Q9I2Y2	0.07317073170731707	0.00975609756097561	0.07804878048780488	0.07804878048780488	0.05365853658536585	0.04390243902439024	0.024390243902439025	0.06829268292682927	0.05365853658536585	0.12682926829268293	0.01951219512195122	0.00975609756097561	0.04390243902439024	0.04390243902439024	0.06341463414634146	0.05365853658536585	0.04390243902439024	0.06829268292682927	0.00975609756097561	0.03414634146341464
P27801	0.02287581699346405	0.013071895424836602	0.06209150326797386	0.0664488017429194	0.049019607843137254	0.026143790849673203	0.02178649237472767	0.09586056644880174	0.09694989106753812	0.13507625272331156	0.023965141612200435	0.09586056644880174	0.02505446623093682	0.02832244008714597	0.026143790849673203	0.06209150326797386	0.05773420479302832	0.044662309368191724	0.020697167755991286	0.026143790849673203
Q9FNP1	0.08141592920353982	0.011504424778761062	0.06283185840707965	0.06902654867256637	0.030973451327433628	0.05663716814159292	0.02654867256637168	0.05486725663716814	0.06548672566371681	0.11504424778761062	0.01592920353982301	0.02831858407079646	0.05132743362831858	0.022123893805309734	0.049557522123893805	0.10088495575221239	0.046902654867256637	0.08230088495575222	0.009734513274336283	0.018584070796460177
Q9I5I6	0.17785234899328858	0.006711409395973154	0.04697986577181208	0.0436241610738255	0.026845637583892617	0.11073825503355705	0.016778523489932886	0.030201342281879196	0.030201342281879196	0.12080536912751678	0.04697986577181208	0.030201342281879196	0.040268456375838924	0.0436241610738255	0.040268456375838924	0.06040268456375839	0.03355704697986577	0.06711409395973154	0.006711409395973154	0.020134228187919462
P34896	0.09109730848861283	0.020703933747412008	0.047619047619047616	0.062111801242236024	0.035196687370600416	0.08488612836438923	0.033126293995859216	0.045548654244306416	0.062111801242236024	0.10559006211180125	0.020703933747412008	0.041407867494824016	0.045548654244306416	0.035196687370600416	0.049689440993788817	0.062111801242236024	0.051759834368530024	0.062111801242236024	0.004140786749482402	0.039337474120082816
P24060	0.1412037037037037	0.004629629629629629	0.05092592592592592	0.05324074074074074	0.04398148148148148	0.09722222222222222	0.02546296296296296	0.046296296296296294	0.0625	0.08101851851851852	0.02546296296296296	0.037037037037037035	0.046296296296296294	0.034722222222222224	0.04398148148148148	0.05324074074074074	0.046296296296296294	0.0763888888888889	0.006944444444444444	0.023148148148148147
Q9ESU6	0.06714285714285714	0.0064285714285714285	0.035	0.07285714285714286	0.017857142857142856	0.025714285714285714	0.03214285714285714	0.02857142857142857	0.08214285714285714	0.06	0.02642857142857143	0.025	0.17785714285714285	0.105	0.04428571428571428	0.08	0.047142857142857146	0.05	0.0035714285714285713	0.012857142857142857
P56589	0.04825737265415549	0.01876675603217158	0.03753351206434316	0.06166219839142091	0.029490616621983913	0.045576407506702415	0.024128686327077747	0.06166219839142091	0.06166219839142091	0.13941018766756033	0.029490616621983913	0.05093833780160858	0.03753351206434316	0.064343163538874	0.045576407506702415	0.08579088471849866	0.058981233243967826	0.064343163538874	0.00804289544235925	0.02680965147453083
A2QCJ9	0.08899297423887588	0.00936768149882904	0.0468384074941452	0.02810304449648712	0.02576112412177986	0.04918032786885246	0.06791569086651054	0.01873536299765808	0.02810304449648712	0.06557377049180328	0.03044496487119438	0.05152224824355972	0.11943793911007025	0.03278688524590164	0.0702576112412178	0.1592505854800937	0.0585480093676815	0.03278688524590164	0	0.01639344262295082
Q62696	0.06147091108671789	0.007683863885839737	0.059275521405049394	0.08122941822173436	0.027442371020856202	0.07244785949506037	0.027442371020856202	0.06586169045005488	0.06256860592755215	0.06915477497255763	0.010976948408342482	0.04061470911086718	0.06037321624588365	0.042810098792535674	0.052689352360043906	0.09440175631174534	0.04720087815587267	0.07903402854006586	0.0043907793633369925	0.03293084522502744
Q62414	0.09399477806788512	0.018276762402088774	0.044386422976501305	0.08877284595300261	0.02349869451697128	0.11488250652741515	0.03655352480417755	0.010443864229765013	0.05483028720626632	0.10182767624020887	0.018276762402088774	0.03655352480417755	0.08093994778067885	0.02610966057441253	0.06527415143603134	0.08093994778067885	0.031331592689295036	0.028720626631853787	0.005221932114882507	0.0391644908616188
P50091	0.03125	0.017361111111111112	0.06944444444444445	0.06597222222222222	0.04513888888888889	0.027777777777777776	0.034722222222222224	0.0625	0.0625	0.06597222222222222	0.013888888888888888	0.0625	0.052083333333333336	0.06944444444444445	0.059027777777777776	0.13194444444444445	0.059027777777777776	0.03819444444444445	0.006944444444444444	0.024305555555555556
P16581	0.06721311475409836	0.07868852459016394	0.021311475409836064	0.08032786885245902	0.03770491803278689	0.07540983606557378	0.014754098360655738	0.029508196721311476	0.047540983606557376	0.06885245901639345	0.01639344262295082	0.04918032786885246	0.05737704918032787	0.047540983606557376	0.027868852459016394	0.10819672131147541	0.06557377049180328	0.05245901639344262	0.02459016393442623	0.029508196721311476
P73955	0.08143322475570032	0.02280130293159609	0.05863192182410423	0.05211726384364821	0.029315960912052116	0.08469055374592833	0.019543973941368076	0.06188925081433225	0.03908794788273615	0.10097719869706841	0.029315960912052116	0.035830618892508145	0.06188925081433225	0.035830618892508145	0.05211726384364821	0.06188925081433225	0.05537459283387622	0.06514657980456026	0.019543973941368076	0.03257328990228013
Q55C58	0.056490384615384616	0.015625	0.06610576923076923	0.0673076923076923	0.04447115384615385	0.038461538461538464	0.014423076923076924	0.10336538461538461	0.08774038461538461	0.09615384615384616	0.027644230769230768	0.037259615384615384	0.040865384615384616	0.046875	0.03245192307692308	0.08774038461538461	0.040865384615384616	0.05048076923076923	0.016826923076923076	0.028846153846153848
Q9QXV9	0.06070287539936102	0.08626198083067092	0.04472843450479233	0.04792332268370607	0.006389776357827476	0.07028753993610223	0.03194888178913738	0.03194888178913738	0.04153354632587859	0.07987220447284345	0.012779552715654952	0.025559105431309903	0.08306709265175719	0.04472843450479233	0.07987220447284345	0.13099041533546327	0.04792332268370607	0.038338658146964855	0.003194888178913738	0.03194888178913738
Q9FWR4	0.06572769953051644	0.009389671361502348	0.06572769953051644	0.07042253521126761	0.051643192488262914	0.056338028169014086	0.04225352112676056	0.046948356807511735	0.0892018779342723	0.11737089201877934	0.009389671361502348	0.028169014084507043	0.07042253521126761	0.018779342723004695	0.009389671361502348	0.0892018779342723	0.04225352112676056	0.07511737089201878	0.018779342723004695	0.023474178403755867
P49183	0.08098591549295775	0.014084507042253521	0.07042253521126761	0.0528169014084507	0.045774647887323945	0.045774647887323945	0.014084507042253521	0.056338028169014086	0.03169014084507042	0.09859154929577464	0.017605633802816902	0.028169014084507043	0.045774647887323945	0.04225352112676056	0.04929577464788732	0.07746478873239436	0.06338028169014084	0.09154929577464789	0.014084507042253521	0.05985915492957746
Q99497	0.12698412698412698	0.015873015873015872	0.047619047619047616	0.07936507936507936	0.015873015873015872	0.09523809523809523	0.015873015873015872	0.05291005291005291	0.08465608465608465	0.09523809523809523	0.026455026455026454	0.031746031746031744	0.047619047619047616	0.021164021164021163	0.037037037037037035	0.047619047619047616	0.042328042328042326	0.10052910052910052	0	0.015873015873015872
Q8RY16	0.06376195536663125	0.015940488841657812	0.07013815090329437	0.057385759829968117	0.036131774707757705	0.0669500531349628	0.01487778958554729	0.044633368756641874	0.0563230605738576	0.12114771519659936	0.019128586609989374	0.03506907545164718	0.04250797024442083	0.036131774707757705	0.05844845908607864	0.12008501594048884	0.03825717321997875	0.077577045696068	0.004250797024442083	0.021253985122210415
Q6GNB7	0.061452513966480445	0.01675977653631285	0.061452513966480445	0.061452513966480445	0.0223463687150838	0.0670391061452514	0.0111731843575419	0.0335195530726257	0.0893854748603352	0.0893854748603352	0.027932960893854747	0.061452513966480445	0.055865921787709494	0.027932960893854747	0.0670391061452514	0.11173184357541899	0.061452513966480445	0.0446927374301676	0.0111731843575419	0.01675977653631285
Q8Y4B2	0.10411622276029056	0.004842615012106538	0.04600484261501211	0.08232445520581114	0.03631961259079903	0.0847457627118644	0.029055690072639227	0.053268765133171914	0.06295399515738499	0.09200968523002422	0.024213075060532687	0.043583535108958835	0.04116222760290557	0.029055690072639227	0.03631961259079903	0.03631961259079903	0.05811138014527845	0.09443099273607748	0.002421307506053269	0.0387409200968523
P22894	0.06423982869379015	0.006423982869379015	0.057815845824411134	0.047109207708779445	0.07922912205567452	0.07066381156316917	0.021413276231263382	0.05353319057815846	0.047109207708779445	0.07708779443254818	0.017130620985010708	0.05353319057815846	0.06638115631691649	0.055674518201284794	0.05139186295503212	0.07066381156316917	0.05139186295503212	0.04068522483940043	0.017130620985010708	0.05139186295503212
Q80TQ2	0.03571428571428571	0.03046218487394958	0.05672268907563025	0.07668067226890757	0.04936974789915966	0.07352941176470588	0.017857142857142856	0.04831932773109244	0.06407563025210083	0.10294117647058823	0.022058823529411766	0.03676470588235294	0.06197478991596639	0.0430672268907563	0.046218487394957986	0.0934873949579832	0.04096638655462185	0.06302521008403361	0.009453781512605041	0.0273109243697479
P47075	0.04854368932038835	0.005547850208044383	0.07212205270457697	0.07212205270457697	0.05409153952843273	0.04854368932038835	0.020804438280166437	0.0638002773925104	0.07905686546463246	0.08737864077669903	0.015256588072122053	0.04576976421636616	0.044382801664355064	0.033287101248266296	0.05825242718446602	0.059639389736477116	0.06102635228848821	0.07766990291262135	0.012482662968099861	0.04022191400832178
P12371	0.04081632653061224	0.024489795918367346	0.061224489795918366	0.0163265306122449	0.036734693877551024	0.05714285714285714	0.02040816326530612	0.08163265306122448	0.10612244897959183	0.08571428571428572	0.0163265306122449	0.04897959183673469	0.0163265306122449	0.04081632653061224	0.024489795918367346	0.11428571428571428	0.053061224489795916	0.07755102040816327	0.0326530612244898	0.044897959183673466
P20132	0.125	0.018292682926829267	0.027439024390243903	0.06097560975609756	0.03048780487804878	0.09451219512195122	0.024390243902439025	0.054878048780487805	0.0701219512195122	0.10365853658536585	0.024390243902439025	0.021341463414634148	0.054878048780487805	0.036585365853658534	0.024390243902439025	0.06402439024390244	0.04573170731707317	0.09146341463414634	0.01524390243902439	0.012195121951219513
Q7UWB8	0.08038585209003216	0.01607717041800643	0.06752411575562701	0.04823151125401929	0.028938906752411574	0.08360128617363344	0.01607717041800643	0.0707395498392283	0.022508038585209004	0.1189710610932476	0.01929260450160772	0.02572347266881029	0.05466237942122187	0.04180064308681672	0.08360128617363344	0.07717041800643087	0.04180064308681672	0.06752411575562701	0.01607717041800643	0.01929260450160772
Q7TSG2	0.08958333333333333	0.01875	0.06666666666666667	0.09583333333333334	0.020833333333333332	0.07604166666666666	0.035416666666666666	0.025	0.046875	0.08125	0.016666666666666666	0.021875	0.08229166666666667	0.04375	0.06770833333333333	0.08541666666666667	0.04791666666666667	0.059375	0.007291666666666667	0.011458333333333333
Q8CFB4	0.07457627118644068	0.015254237288135594	0.04915254237288136	0.09322033898305085	0.03728813559322034	0.04576271186440678	0.03389830508474576	0.04915254237288136	0.06610169491525424	0.11694915254237288	0.01864406779661017	0.03559322033898305	0.03389830508474576	0.08644067796610169	0.04915254237288136	0.061016949152542375	0.061016949152542375	0.05084745762711865	0.006779661016949152	0.015254237288135594
P38855	0.038869257950530034	0.01060070671378092	0.0636042402826855	0.09187279151943463	0.0636042402826855	0.053003533568904596	0.024734982332155476	0.0636042402826855	0.0636042402826855	0.07773851590106007	0.014134275618374558	0.11307420494699646	0.038869257950530034	0.0353356890459364	0.038869257950530034	0.10247349823321555	0.04946996466431095	0.0353356890459364	0.007067137809187279	0.014134275618374558
Q97WJ8	0.04417670682730924	0	0.0642570281124498	0.06827309236947791	0.0321285140562249	0.07630522088353414	0.01606425702811245	0.09236947791164658	0.08032128514056225	0.10843373493975904	0.020080321285140562	0.040160642570281124	0.03614457831325301	0.020080321285140562	0.04819277108433735	0.05220883534136546	0.040160642570281124	0.11646586345381527	0.004016064257028112	0.040160642570281124
Q9HCK4	0.05805515239477504	0.01088534107402032	0.06095791001451379	0.05079825834542816	0.02467343976777939	0.07474600870827286	0.013788098693759071	0.04716981132075472	0.04499274310595065	0.07184325108853411	0.016690856313497822	0.0420899854862119	0.08780841799709724	0.059506531204644414	0.057329462989840346	0.08780841799709724	0.0783744557329463	0.07039187227866474	0.015239477503628448	0.026850507982583455
O60683	0.09202453987730061	0.03067484662576687	0.02147239263803681	0.05828220858895705	0.02147239263803681	0.07668711656441718	0.04294478527607362	0.027607361963190184	0.027607361963190184	0.15644171779141106	0.009202453987730062	0.003067484662576687	0.05214723926380368	0.04294478527607362	0.1196319018404908	0.06134969325153374	0.03987730061349693	0.05521472392638037	0.02147239263803681	0.03987730061349693
Q13227	0.08868501529051988	0	0.012232415902140673	0.08256880733944955	0.03363914373088685	0.07033639143730887	0.05198776758409786	0.009174311926605505	0.06116207951070336	0.09785932721712538	0.045871559633027525	0.012232415902140673	0.09480122324159021	0.11314984709480122	0.0581039755351682	0.0672782874617737	0.05198776758409786	0.024464831804281346	0	0.024464831804281346
P06400	0.04741379310344827	0.016163793103448277	0.04849137931034483	0.07866379310344827	0.04202586206896552	0.03125	0.018318965517241378	0.06465517241379311	0.08189655172413793	0.10883620689655173	0.03017241379310345	0.04849137931034483	0.06465517241379311	0.03771551724137931	0.04956896551724138	0.08512931034482758	0.059267241379310345	0.04956896551724138	0.007543103448275862	0.03017241379310345
Q12948	0.12477396021699819	0.0108499095840868	0.039783001808318265	0.027124773960216998	0.023508137432188065	0.12658227848101267	0.02531645569620253	0.023508137432188065	0.034358047016274866	0.06329113924050633	0.0216998191681736	0.034358047016274866	0.11573236889692586	0.05244122965641953	0.04159132007233273	0.13381555153707053	0.023508137432188065	0.028933092224231464	0.0054249547920434	0.0433996383363472
Q9HTE9	0.13189448441247004	0.009592326139088728	0.06235011990407674	0.05275779376498801	0.03117505995203837	0.10071942446043165	0.03117505995203837	0.047961630695443645	0.050359712230215826	0.09112709832134293	0.02158273381294964	0.03357314148681055	0.03836930455635491	0.03597122302158273	0.050359712230215826	0.045563549160671464	0.047961630695443645	0.07673860911270983	0.002398081534772182	0.03836930455635491
P97466	0.05172413793103448	0.04310344827586207	0.04310344827586207	0.05172413793103448	0.02586206896551724	0.10344827586206896	0.021551724137931036	0.034482758620689655	0.05603448275862069	0.1206896551724138	0.021551724137931036	0.01293103448275862	0.09051724137931035	0.04310344827586207	0.07758620689655173	0.07758620689655173	0.021551724137931036	0.05172413793103448	0.02586206896551724	0.02586206896551724
P48540	0.0947867298578199	0.037914691943127965	0.08056872037914692	0.04739336492890995	0.03317535545023697	0.05687203791469194	0.02843601895734597	0.03317535545023697	0.061611374407582936	0.10900473933649289	0.018957345971563982	0.03317535545023697	0.04739336492890995	0.02843601895734597	0.0995260663507109	0.07109004739336493	0.037914691943127965	0.052132701421800945	0.004739336492890996	0.023696682464454975
Q12255	0.023715415019762844	0.011857707509881422	0.05928853754940711	0.05533596837944664	0.05928853754940711	0.043478260869565216	0.015810276679841896	0.09090909090909091	0.06719367588932806	0.07905138339920949	0.03557312252964427	0.08695652173913043	0.02766798418972332	0.05138339920948617	0.02766798418972332	0.08695652173913043	0.06324110671936758	0.07509881422924901	0.011857707509881422	0.02766798418972332
Q9HFE5	0.06103286384976526	0.011737089201877934	0.04460093896713615	0.07981220657276995	0.0539906103286385	0.04460093896713615	0.02112676056338028	0.08215962441314555	0.06807511737089202	0.07276995305164319	0.03990610328638498	0.046948356807511735	0.046948356807511735	0.04225352112676056	0.051643192488262914	0.06103286384976526	0.04460093896713615	0.07981220657276995	0.009389671361502348	0.03755868544600939
P02649	0.12302839116719243	0.006309148264984227	0.03470031545741325	0.12618296529968454	0.012618296529968454	0.056782334384858045	0.006309148264984227	0.006309148264984227	0.04100946372239748	0.12933753943217666	0.025236593059936908	0.0031545741324921135	0.025236593059936908	0.10094637223974763	0.10725552050473186	0.04416403785488959	0.03785488958990536	0.07570977917981073	0.025236593059936908	0.012618296529968454
Q9JJK3	0.04825737265415549	0.0160857908847185	0.04289544235924933	0.058981233243967826	0.029490616621983913	0.04289544235924933	0.021447721179624665	0.06702412868632708	0.05630026809651475	0.13672922252010725	0.032171581769437	0.045576407506702415	0.03753351206434316	0.06702412868632708	0.05093833780160858	0.08847184986595175	0.05630026809651475	0.064343163538874	0.00804289544235925	0.029490616621983913
Q53NI2	0.07339449541284404	0.019367991845056064	0.05606523955147808	0.06625891946992865	0.039755351681957186	0.06829765545361875	0.023445463812436288	0.03363914373088685	0.04383282364933741	0.09276248725790011	0.020387359836901122	0.04383282364933741	0.05402650356778797	0.03771661569826707	0.06931702344546381	0.09480122324159021	0.05198776758409786	0.07747196738022426	0.014271151885830785	0.019367991845056064
P11487	0.07531380753138076	0.008368200836820083	0.016736401673640166	0.058577405857740586	0.016736401673640166	0.10460251046025104	0.03765690376569038	0.02510460251046025	0.03347280334728033	0.11715481171548117	0.012552301255230125	0.02510460251046025	0.06276150627615062	0.04184100418410042	0.13389121338912133	0.08786610878661087	0.029288702928870293	0.05439330543933055	0.012552301255230125	0.04602510460251046
Q60855	0.04420731707317073	0.01676829268292683	0.04878048780487805	0.08536585365853659	0.03201219512195122	0.0625	0.03353658536585366	0.057926829268292686	0.06707317073170732	0.07926829268292683	0.027439024390243903	0.053353658536585365	0.056402439024390245	0.051829268292682924	0.04878048780487805	0.07926829268292683	0.05030487804878049	0.051829268292682924	0.013719512195121951	0.039634146341463415
P11633	0.12121212121212122	0	0.04040404040404041	0.1111111111111111	0.030303030303030304	0.04040404040404041	0	0.020202020202020204	0.1414141414141414	0.04040404040404041	0.020202020202020204	0.050505050505050504	0.06060606060606061	0.04040404040404041	0.10101010101010101	0.04040404040404041	0.06060606060606061	0.030303030303030304	0.010101010101010102	0.04040404040404041
Q9UBU3	0.10256410256410256	0.008547008547008548	0.05128205128205128	0.08547008547008547	0.03418803418803419	0.08547008547008547	0.017094017094017096	0.017094017094017096	0.06837606837606838	0.13675213675213677	0.02564102564102564	0.008547008547008548	0.07692307692307693	0.08547008547008547	0.042735042735042736	0.06837606837606838	0.008547008547008548	0.042735042735042736	0.02564102564102564	0.008547008547008548
O59796	0.03956043956043956	0.015384615384615385	0.06373626373626373	0.06703296703296703	0.051648351648351645	0.03736263736263736	0.026373626373626374	0.07142857142857142	0.06593406593406594	0.13076923076923078	0.015384615384615385	0.054945054945054944	0.026373626373626374	0.03296703296703297	0.03736263736263736	0.09340659340659341	0.05824175824175824	0.056043956043956046	0.008791208791208791	0.04725274725274725
P9WGI9	0.14840182648401826	0.00228310502283105	0.0639269406392694	0.045662100456621	0.0319634703196347	0.0958904109589041	0.02968036529680365	0.0365296803652968	0.02968036529680365	0.1050228310502283	0.0228310502283105	0.0273972602739726	0.0547945205479452	0.02511415525114155	0.06621004566210045	0.04794520547945205	0.05251141552511415	0.091324200913242	0.0045662100456621	0.0182648401826484
P38076	0.09846153846153846	0.006153846153846154	0.03076923076923077	0.08	0.027692307692307693	0.11692307692307692	0.009230769230769232	0.08615384615384615	0.07384615384615385	0.08307692307692308	0.03076923076923077	0.03076923076923077	0.052307692307692305	0.024615384615384615	0.021538461538461538	0.07384615384615385	0.055384615384615386	0.07076923076923076	0.003076923076923077	0.024615384615384615
Q8LDG7	0.055865921787709494	0.008379888268156424	0.05865921787709497	0.06983240223463687	0.027932960893854747	0.036312849162011177	0.030726256983240222	0.061452513966480445	0.061452513966480445	0.14804469273743018	0.0446927374301676	0.0335195530726257	0.025139664804469275	0.036312849162011177	0.05027932960893855	0.0782122905027933	0.08100558659217877	0.061452513966480445	0.0111731843575419	0.019553072625698324
Q9C5W3	0.05482233502538071	0.019289340101522844	0.05888324873096447	0.05989847715736041	0.04568527918781726	0.06802030456852792	0.017258883248730966	0.05177664974619289	0.05482233502538071	0.08223350253807106	0.02030456852791878	0.04568527918781726	0.05583756345177665	0.03350253807106599	0.0649746192893401	0.10862944162436548	0.050761421319796954	0.07614213197969544	0.01116751269035533	0.02030456852791878
P49582	0.061752988047808766	0.035856573705179286	0.053784860557768925	0.045816733067729085	0.04183266932270916	0.06374501992031872	0.025896414342629483	0.05776892430278884	0.0398406374501992	0.11354581673306773	0.03187250996015936	0.035856573705179286	0.05976095617529881	0.03187250996015936	0.049800796812749	0.0697211155378486	0.043824701195219126	0.07370517928286853	0.025896414342629483	0.037848605577689244
O74941	0.052294557097118465	0.01814300960512273	0.04589114194236926	0.06616862326574173	0.054429028815368194	0.04055496264674493	0.014941302027748132	0.07790821771611527	0.06296691568836713	0.11099252934898612	0.020277481323372464	0.05336179295624333	0.05016008537886873	0.04055496264674493	0.04695837780149413	0.09498399146211313	0.04695837780149413	0.06616862326574173	0.005336179295624333	0.030949839914621132
Q14995	0.0535405872193437	0.031088082901554404	0.037996545768566495	0.06735751295336788	0.046632124352331605	0.06044905008635579	0.039723661485319514	0.039723661485319514	0.06217616580310881	0.07599309153713299	0.044905008635578586	0.07253886010362694	0.04145077720207254	0.05181347150259067	0.04835924006908463	0.12089810017271158	0.03281519861830743	0.0535405872193437	0.0017271157167530224	0.017271157167530225
Q04934	0.04856512141280353	0.006622516556291391	0.08609271523178808	0.0728476821192053	0.024282560706401765	0.0640176600441501	0.02207505518763797	0.039735099337748346	0.0684326710816777	0.09933774834437085	0.01545253863134658	0.08167770419426049	0.02869757174392936	0.04415011037527594	0.039735099337748346	0.13245033112582782	0.0640176600441501	0.033112582781456956	0.004415011037527594	0.024282560706401765
Q99735	0.10884353741496598	0.02040816326530612	0.013605442176870748	0.034013605442176874	0.07482993197278912	0.07482993197278912	0.006802721088435374	0.06802721088435375	0.047619047619047616	0.14285714285714285	0.013605442176870748	0.034013605442176874	0.027210884353741496	0.047619047619047616	0.05442176870748299	0.05442176870748299	0.04081632653061224	0.05442176870748299	0.02040816326530612	0.061224489795918366
Q03308	0.047619047619047616	0.018796992481203006	0.06641604010025062	0.06641604010025062	0.045112781954887216	0.03759398496240601	0.015037593984962405	0.08270676691729323	0.09273182957393483	0.12280701754385964	0.021303258145363407	0.047619047619047616	0.03007518796992481	0.046365914786967416	0.03759398496240601	0.06516290726817042	0.045112781954887216	0.047619047619047616	0.013784461152882205	0.05012531328320802
Q9VPT5	0.06060606060606061	0.020202020202020204	0.030303030303030304	0.05723905723905724	0.05723905723905724	0.037037037037037035	0.026936026936026935	0.04040404040404041	0.04377104377104377	0.13131313131313133	0.016835016835016835	0.026936026936026935	0.05723905723905724	0.05723905723905724	0.06734006734006734	0.07407407407407407	0.06734006734006734	0.05723905723905724	0.02356902356902357	0.04713804713804714
Q8ZL08	0.11818181818181818	0.013636363636363636	0.056818181818181816	0.05454545454545454	0.04090909090909091	0.10909090909090909	0.025	0.04090909090909091	0.04090909090909091	0.10454545454545454	0.029545454545454545	0.022727272727272728	0.03636363636363636	0.05227272727272727	0.04090909090909091	0.05227272727272727	0.04772727272727273	0.06818181818181818	0.00909090909090909	0.03636363636363636
Q7TNB8	0.07116382505559674	0.01630837657524092	0.05337286879169755	0.07116382505559674	0.04002965159377316	0.0793180133432172	0.02446256486286138	0.04151223128243143	0.040770941438102296	0.09636767976278725	0.01630837657524092	0.021497405485544848	0.061527057079318014	0.04892512972572276	0.07338769458858414	0.09340252038547071	0.05114899925871016	0.06375092661230541	0.01111934766493699	0.02446256486286138
Q9S219	0.11295681063122924	0.013289036544850499	0.04983388704318937	0.07308970099667775	0.026578073089700997	0.09966777408637874	0.026578073089700997	0.023255813953488372	0.019933554817275746	0.11960132890365449	0.013289036544850499	0.016611295681063124	0.0664451827242525	0.009966777408637873	0.08305647840531562	0.03322259136212625	0.046511627906976744	0.1461794019933555	0.013289036544850499	0.006644518272425249
Q920D5	0.05	0.023809523809523808	0.06428571428571428	0.0880952380952381	0.05238095238095238	0.05476190476190476	0.030952380952380953	0.06428571428571428	0.08095238095238096	0.08571428571428572	0.0380952380952381	0.04285714285714286	0.030952380952380953	0.02857142857142857	0.04047619047619048	0.07857142857142857	0.05952380952380952	0.05238095238095238	0.011904761904761904	0.02142857142857143
P19438	0.04395604395604396	0.06593406593406594	0.046153846153846156	0.06593406593406594	0.03076923076923077	0.06593406593406594	0.02197802197802198	0.02857142857142857	0.04395604395604396	0.12747252747252746	0.01098901098901099	0.03736263736263736	0.08131868131868132	0.03296703296703297	0.05934065934065934	0.07912087912087912	0.06813186813186813	0.05054945054945055	0.01098901098901099	0.02857142857142857
Q62809	0.04861111111111111	0.0625	0.020833333333333332	0.04861111111111111	0.027777777777777776	0.11805555555555555	0.006944444444444444	0.034722222222222224	0.0763888888888889	0.09722222222222222	0.020833333333333332	0.006944444444444444	0.05555555555555555	0.0625	0.09027777777777778	0.09722222222222222	0.013888888888888888	0.04861111111111111	0.041666666666666664	0.020833333333333332
Q9SJ56	0.07794117647058824	0.0058823529411764705	0.041176470588235294	0.057352941176470586	0.027941176470588237	0.08970588235294118	0.039705882352941174	0.03529411764705882	0.04411764705882353	0.0661764705882353	0.039705882352941174	0.07352941176470588	0.04264705882352941	0.08529411764705883	0.04264705882352941	0.10294117647058823	0.04852941176470588	0.045588235294117645	0.0058823529411764705	0.027941176470588237
O13718	0.04087193460490463	0.006811989100817439	0.06403269754768393	0.0776566757493188	0.04087193460490463	0.043596730245231606	0.0340599455040872	0.051771117166212535	0.06948228882833787	0.10354223433242507	0.020435967302452316	0.039509536784741145	0.05722070844686648	0.02997275204359673	0.0667574931880109	0.08174386920980926	0.035422343324250684	0.07220708446866485	0.017711171662125342	0.04632152588555858
P02753	0.0845771144278607	0.029850746268656716	0.08955223880597014	0.04975124378109453	0.04975124378109453	0.06467661691542288	0.009950248756218905	0.01990049751243781	0.05472636815920398	0.0945273631840796	0.024875621890547265	0.04477611940298507	0.024875621890547265	0.03980099502487562	0.07462686567164178	0.05970149253731343	0.04477611940298507	0.06965174129353234	0.029850746268656716	0.03980099502487562
Q9SZJ5	0.09284332688588008	0.005802707930367505	0.04448742746615087	0.07543520309477757	0.0367504835589942	0.06576402321083172	0.025145067698259187	0.05222437137330754	0.07736943907156674	0.07543520309477757	0.03481624758220503	0.03288201160541586	0.048355899419729204	0.03481624758220503	0.04642166344294004	0.07543520309477757	0.05609284332688588	0.0735009671179884	0.005802707930367505	0.04061895551257253
Q8A0V4	0.0728476821192053	0.013245033112582781	0.052980132450331126	0.059602649006622516	0.04304635761589404	0.06291390728476821	0.016556291390728478	0.08609271523178808	0.04966887417218543	0.09602649006622517	0.033112582781456956	0.039735099337748346	0.04304635761589404	0.03642384105960265	0.06622516556291391	0.0695364238410596	0.06291390728476821	0.06291390728476821	0.006622516556291391	0.026490066225165563
Q9P7V6	0.04054054054054054	0.006756756756756757	0.05067567567567568	0.0777027027027027	0.04391891891891892	0.052364864864864864	0.02027027027027027	0.06418918918918919	0.05912162162162162	0.13682432432432431	0.015202702702702704	0.0472972972972973	0.03547297297297297	0.0472972972972973	0.05067567567567568	0.06925675675675676	0.07939189189189189	0.057432432432432436	0.006756756756756757	0.03885135135135135
F1RBC8	0.06788511749347259	0.007832898172323759	0.04960835509138381	0.07441253263707572	0.03524804177545692	0.06266318537859007	0.016971279373368148	0.05613577023498695	0.0639686684073107	0.1122715404699739	0.030026109660574413	0.020887728459530026	0.04046997389033943	0.04177545691906005	0.06266318537859007	0.0731070496083551	0.05352480417754569	0.0783289817232376	0.01174934725848564	0.04046997389033943
P31134	0.07692307692307693	0.015915119363395226	0.05305039787798409	0.06896551724137931	0.026525198938992044	0.07161803713527852	0.03183023872679045	0.04774535809018567	0.05305039787798409	0.11405835543766578	0.042440318302387266	0.029177718832891247	0.05570291777188329	0.050397877984084884	0.0610079575596817	0.04774535809018567	0.034482758620689655	0.09283819628647215	0.005305039787798408	0.021220159151193633
P22443	0.02952755905511811	0.01968503937007874	0.045275590551181105	0.06496062992125984	0.047244094488188976	0.05708661417322835	0.023622047244094488	0.08858267716535433	0.05905511811023622	0.11023622047244094	0.051181102362204724	0.05511811023622047	0.047244094488188976	0.021653543307086614	0.0531496062992126	0.0610236220472441	0.03937007874015748	0.07874015748031496	0.00984251968503937	0.03740157480314961
P49799	0.06829268292682927	0.05365853658536585	0.04390243902439024	0.09268292682926829	0.04390243902439024	0.02926829268292683	0.01951219512195122	0.03902439024390244	0.12682926829268293	0.08780487804878048	0.01951219512195122	0.03902439024390244	0.02926829268292683	0.03414634146341464	0.03902439024390244	0.12682926829268293	0.03902439024390244	0.03414634146341464	0.00975609756097561	0.024390243902439025
P39101	0.09207161125319693	0.0025575447570332483	0.0639386189258312	0.1329923273657289	0.04603580562659847	0.05115089514066496	0.015345268542199489	0.03836317135549872	0.13043478260869565	0.0792838874680307	0.03836317135549872	0.030690537084398978	0.023017902813299233	0.030690537084398978	0.04603580562659847	0.05370843989769821	0.05115089514066496	0.03836317135549872	0.005115089514066497	0.030690537084398978
Q9UR17	0.08196721311475409	0.00819672131147541	0.02459016393442623	0.01639344262295082	0.07377049180327869	0.10655737704918032	0.00819672131147541	0.08196721311475409	0.02459016393442623	0.13934426229508196	0.02459016393442623	0.02459016393442623	0.04918032786885246	0.01639344262295082	0.08196721311475409	0.05737704918032787	0.06557377049180328	0.07377049180327869	0.01639344262295082	0.02459016393442623
P01246	0.08755760368663594	0.02304147465437788	0.04608294930875576	0.059907834101382486	0.06451612903225806	0.055299539170506916	0.013824884792626729	0.03225806451612903	0.05069124423963134	0.15207373271889402	0.027649769585253458	0.027649769585253458	0.03686635944700461	0.055299539170506916	0.06451612903225806	0.06451612903225806	0.06451612903225806	0.03686635944700461	0.009216589861751152	0.027649769585253458
O82796	0.09152542372881356	0.023728813559322035	0.04406779661016949	0.07796610169491526	0.04745762711864407	0.07796610169491526	0.010169491525423728	0.05423728813559322	0.05084745762711865	0.11186440677966102	0.020338983050847456	0.04406779661016949	0.05423728813559322	0.020338983050847456	0.06440677966101695	0.07457627118644068	0.030508474576271188	0.07457627118644068	0.010169491525423728	0.01694915254237288
Q96GA7	0.12462006079027356	0.030395136778115502	0.0243161094224924	0.0668693009118541	0.0182370820668693	0.0972644376899696	0.03343465045592705	0.0425531914893617	0.04559270516717325	0.11550151975683891	0.0182370820668693	0.0243161094224924	0.05167173252279635	0.05167173252279635	0.0364741641337386	0.05167173252279635	0.03951367781155015	0.10638297872340426	0.015197568389057751	0.0060790273556231
Q14135	0.10689655172413794	0.02413793103448276	0.05517241379310345	0.05172413793103448	0.013793103448275862	0.05517241379310345	0.04482758620689655	0.02413793103448276	0.03793103448275862	0.07586206896551724	0.020689655172413793	0.034482758620689655	0.10689655172413794	0.020689655172413793	0.07931034482758621	0.1413793103448276	0.04827586206896552	0.04482758620689655	0.0034482758620689655	0.010344827586206896
Q04364	0.0622568093385214	0.01556420233463035	0.04085603112840467	0.06809338521400778	0.04085603112840467	0.038910505836575876	0.029182879377431907	0.07587548638132295	0.08949416342412451	0.08949416342412451	0.021400778210116732	0.10894941634241245	0.02529182879377432	0.042801556420233464	0.0311284046692607	0.0914396887159533	0.03501945525291829	0.033073929961089495	0.011673151750972763	0.048638132295719845
A9WIJ8	0.09057971014492754	0.014492753623188406	0.06159420289855073	0.04710144927536232	0.021739130434782608	0.06884057971014493	0.036231884057971016	0.050724637681159424	0.010869565217391304	0.11594202898550725	0.021739130434782608	0.028985507246376812	0.04710144927536232	0.03985507246376811	0.08333333333333333	0.06884057971014493	0.050724637681159424	0.11231884057971014	0.010869565217391304	0.018115942028985508
P33330	0.08860759493670886	0.007594936708860759	0.05569620253164557	0.06835443037974684	0.043037974683544304	0.0759493670886076	0.030379746835443037	0.07341772151898734	0.08860759493670886	0.08860759493670886	0.012658227848101266	0.05569620253164557	0.043037974683544304	0.03291139240506329	0.020253164556962026	0.060759493670886074	0.04050632911392405	0.07341772151898734	0.007594936708860759	0.03291139240506329
P60484	0.04218362282878412	0.02481389578163772	0.08188585607940446	0.07196029776674938	0.062034739454094295	0.03722084367245657	0.03225806451612903	0.04962779156327544	0.08436724565756824	0.06699751861042183	0.022332506203473945	0.05707196029776675	0.05707196029776675	0.03225806451612903	0.04962779156327544	0.05459057071960298	0.052109181141439205	0.05955334987593052	0.004962779156327543	0.05707196029776675
P28328	0.05901639344262295	0.04918032786885246	0.01639344262295082	0.05901639344262295	0.07540983606557378	0.06229508196721312	0.02622950819672131	0.05245901639344262	0.07213114754098361	0.12786885245901639	0.013114754098360656	0.05573770491803279	0.04262295081967213	0.03934426229508197	0.03934426229508197	0.06229508196721312	0.04262295081967213	0.05245901639344262	0.02622950819672131	0.02622950819672131
