Q8NG08	0.3201471941122355	0.07911683532658693	0.1389144434222631	0.1389144434222631	0.32290708371665133
Q8MKI8	0.4424778761061947	0.06489675516224189	0.12684365781710916	0.13274336283185842	0.23303834808259588
Q503S1	0.35054347826086957	0.07472826086956522	0.09782608695652174	0.08967391304347826	0.38722826086956524
Q2KJ94	0.4424778761061947	0.06489675516224189	0.12684365781710916	0.13274336283185842	0.23303834808259588
P52294	0.38661710037174724	0.0687732342007435	0.10780669144981413	0.13382899628252787	0.30297397769516726
Q00578	0.3570581257413998	0.08422301304863583	0.1435349940688019	0.13997627520759193	0.2752075919335706
P59941	0.39820359281437123	0.05688622754491018	0.16766467065868262	0.11377245508982035	0.2634730538922156
Q5U3H2	0.28094059405940597	0.053217821782178217	0.20668316831683167	0.12004950495049505	0.33910891089108913
Q5EAN7	0.3333333333333333	0.05089058524173028	0.13486005089058525	0.18575063613231552	0.2951653944020356
Q9UUM2	0.3408856848609681	0.10092687950566426	0.1513903192584964	0.15345005149330587	0.2533470648815654
H2L0H5	0.3422459893048128	0.06550802139037433	0.14171122994652408	0.15775401069518716	0.2927807486631016
O08811	0.3973684210526316	0.09473684210526316	0.14078947368421052	0.12236842105263158	0.24473684210526317
Q9VUM0	0.35294117647058826	0.07058823529411765	0.1588235294117647	0.13277310924369748	0.2848739495798319
Q9UNS1	0.36837748344370863	0.0695364238410596	0.15562913907284767	0.16887417218543047	0.23758278145695363
Q20762	0.3302881236823612	0.12297962052002812	0.11103302881236823	0.10470836261419536	0.3309908643710471
Q12098	0.28475935828877	0.05748663101604278	0.1270053475935829	0.16042780748663102	0.37032085561497324
Q6ZNX1	0.3	0.084	0.176	0.096	0.344
Q32N66	0.3474426807760141	0.06172839506172839	0.15873015873015872	0.11816578483245149	0.31393298059964725
Q68CP9	0.36130790190735695	0.04577656675749319	0.10463215258855586	0.0784741144414169	0.4098092643051771
Q8BG89	0.31862745098039214	0.06372549019607843	0.2107843137254902	0.13725490196078433	0.2696078431372549
A4K436	0.37582236842105265	0.06825657894736842	0.15460526315789475	0.11101973684210527	0.2902960526315789
Q9D777	0.4024896265560166	0.07053941908713693	0.16597510373443983	0.08298755186721991	0.27800829875518673
Q3UEN2	0.3434343434343434	0.06846240179573512	0.12906846240179573	0.12121212121212122	0.3378226711560045
Q9USU3	0.3621867881548975	0.11389521640091116	0.13895216400911162	0.10592255125284739	0.27904328018223234
P06800	0.3129357087529047	0.08210689388071263	0.13168086754453912	0.13090627420604184	0.3423702556158017
Q04692	0.33692458374143	0.06268364348677767	0.14985308521057786	0.15475024485798236	0.2957884427032321
O14757	0.3445378151260504	0.08823529411764706	0.15966386554621848	0.12815126050420167	0.27941176470588236
Q8VID5	0.34317718940936864	0.07026476578411406	0.164969450101833	0.11914460285132383	0.3024439918533605
Q9KU12	0.39473684210526316	0.0625	0.14802631578947367	0.16447368421052633	0.23026315789473684
O13396	0.39701173959445035	0.07150480256136606	0.14834578441835647	0.14834578441835647	0.23479188900747064
B4GU19	0.3815659068384539	0.06838453914767097	0.14172447968285432	0.10901883052527254	0.2993062438057483
P50414	0.36153846153846153	0.08461538461538462	0.15128205128205127	0.10256410256410256	0.3
P26446	0.35509396636993074	0.076162215628091	0.17705242334322452	0.13847675568743817	0.2532146389713155
Q9NQW5	0.3130081300813008	0.08536585365853659	0.1565040650406504	0.12804878048780488	0.3170731707317073
Q299L3	0.33707865168539325	0.0702247191011236	0.18258426966292135	0.13764044943820225	0.27247191011235955
Q5XII5	0.3383458646616541	0.08646616541353383	0.07706766917293233	0.14849624060150377	0.34962406015037595
Q2V905	0.3767926988265971	0.1121251629726206	0.11994784876140809	0.11342894393741851	0.2777053455019557
P16402	0.4072398190045249	0.00904977375565611	0.29411764705882354	0.03167420814479638	0.2579185520361991
Q7T0L4	0.3860182370820669	0.0668693009118541	0.13677811550151975	0.14893617021276595	0.2613981762917933
P27008	0.36587771203155817	0.07297830374753451	0.17455621301775148	0.1301775147928994	0.2564102564102564
P07200	0.3641025641025641	0.08205128205128205	0.15384615384615385	0.10256410256410256	0.29743589743589743
P61160	0.4137055837563452	0.08883248730964467	0.14720812182741116	0.13451776649746192	0.21573604060913706
Q19743	0.40865384615384615	0.019230769230769232	0.27884615384615385	0.038461538461538464	0.2548076923076923
P70399	0.3133570340274251	0.037582529202640935	0.10919248349415947	0.17369222955815133	0.36617572371762314
O74331	0.31955922865013775	0.0881542699724518	0.1322314049586777	0.14049586776859505	0.31955922865013775
Q6NVF4	0.3249534450651769	0.07914338919925512	0.148975791433892	0.15083798882681565	0.29608938547486036
Q8NB91	0.35040745052386496	0.09313154831199069	0.13736903376018628	0.11641443538998836	0.30267753201396974
Q9GLD3	0.36493506493506495	0.11038961038961038	0.12207792207792208	0.11688311688311688	0.2857142857142857
Q8VZ79	0.33539412673879443	0.0571870170015456	0.19165378670788252	0.19319938176197837	0.22256568778979907
P53551	0.32170542635658916	0.050387596899224806	0.24031007751937986	0.07751937984496124	0.31007751937984496
P01580	0.3548387096774194	0.0967741935483871	0.14193548387096774	0.0967741935483871	0.3096774193548387
Q8W103	0.3477064220183486	0.06605504587155964	0.16055045871559634	0.15137614678899083	0.2743119266055046
Q6NTE8	0.30029154518950435	0.052478134110787174	0.15451895043731778	0.11370262390670553	0.37900874635568516
Q5XIJ1	0.2747875354107649	0.08781869688385269	0.15864022662889518	0.12181303116147309	0.35694050991501414
E9Q5F9	0.24793062672447774	0.06306661411115491	0.16279069767441862	0.15451320457232953	0.3716988569176192
B4JF25	0.35347432024169184	0.07250755287009064	0.17522658610271905	0.1419939577039275	0.256797583081571
P17108	0.3935483870967742	0.07096774193548387	0.11612903225806452	0.1032258064516129	0.3161290322580645
Q9Y6F1	0.3395872420262664	0.07317073170731707	0.15196998123827393	0.1294559099437148	0.3058161350844278
P20585	0.3676341248900616	0.0712401055408971	0.1565523306948109	0.12401055408970976	0.2805628847845207
Q62351	0.3722149410222805	0.11009174311926606	0.127129750982962	0.11795543905635648	0.272608125819135
Q553L4	0.37353255069370334	0.07897545357524013	0.13233724653148346	0.13127001067235858	0.2838847385272145
Q55G81	0.34664948453608246	0.09020618556701031	0.12628865979381443	0.10824742268041238	0.3286082474226804
Q02539	0.386046511627907	0.009302325581395349	0.2837209302325581	0.03255813953488372	0.28837209302325584
Q75WM6	0.3411764705882353	0.027450980392156862	0.27058823529411763	0.09019607843137255	0.27058823529411763
P13705	0.3638863428047663	0.06966086159486709	0.15673693858845097	0.12832263978001834	0.28139321723189736
B4I0K4	0.39233954451345754	0.07039337474120083	0.14803312629399587	0.11180124223602485	0.2774327122153209
Q9D752	0.38388625592417064	0.06635071090047394	0.15639810426540285	0.13270142180094788	0.26066350710900477
F4JEX5	0.36323529411764705	0.06764705882352941	0.15441176470588236	0.14705882352941177	0.2676470588235294
Q91ZN7	0.3445378151260504	0.08823529411764706	0.16176470588235295	0.12815126050420167	0.2773109243697479
Q07133	0.39903846153846156	0.014423076923076924	0.25961538461538464	0.038461538461538464	0.28846153846153844
Q9NQV7	0.2662192393736018	0.08501118568232663	0.21923937360178972	0.1185682326621924	0.31096196868008946
Q7ZTP2	0.41624365482233505	0.08883248730964467	0.14720812182741116	0.13705583756345177	0.21065989847715735
Q9FYS5	0.37305699481865284	0.031088082901554404	0.18652849740932642	0.07772020725388601	0.3316062176165803
P43274	0.410958904109589	0.0091324200913242	0.3013698630136986	0.0319634703196347	0.2465753424657534
Q63528	0.37407407407407406	0.07037037037037037	0.10740740740740741	0.10740740740740741	0.34074074074074073
P35637	0.3593155893536122	0.09885931558935361	0.10266159695817491	0.07034220532319392	0.3688212927756654
Q03834	0.3333333333333333	0.0821256038647343	0.14492753623188406	0.1473429951690821	0.2922705314009662
Q15554	0.36531365313653136	0.04981549815498155	0.16974169741697417	0.13468634686346864	0.28044280442804426
P04551	0.38047138047138046	0.09427609427609428	0.16835016835016836	0.13804713804713806	0.21885521885521886
P15870	0.372972972972973	0.021621621621621623	0.32432432432432434	0.03783783783783784	0.24324324324324326
Q5ZM39	0.2923728813559322	0.06638418079096045	0.15819209039548024	0.10734463276836158	0.3757062146892655
P02786	0.3763157894736842	0.1118421052631579	0.12631578947368421	0.11710526315789474	0.26842105263157895
Q5RC43	0.3851851851851852	0.07037037037037037	0.1111111111111111	0.1037037037037037	0.3296296296296296
Q2KIJ1	0.24271844660194175	0.0825242718446602	0.0970873786407767	0.15048543689320387	0.42718446601941745
Q8CJI4	0.30904522613065327	0.02763819095477387	0.26884422110552764	0.09296482412060302	0.3015075376884422
O13329	0.30212014134275617	0.09363957597173145	0.1625441696113074	0.15724381625441697	0.284452296819788
Q6NZQ4	0.3333333333333333	0.06628787878787878	0.12973484848484848	0.09943181818181818	0.3712121212121212
Q8CGS6	0.3671383647798742	0.060534591194968554	0.14150943396226415	0.11871069182389937	0.3121069182389937
Q99L02	0.308300395256917	0.03162055335968379	0.13043478260869565	0.22134387351778656	0.308300395256917
Q4R4I0	0.345	0.055	0.135	0.205	0.26
P17122	0.3484848484848485	0.1111111111111111	0.11616161616161616	0.1414141414141414	0.2828282828282828
Q08955	0.36538461538461536	0.12179487179487179	0.09615384615384616	0.10897435897435898	0.3076923076923077
B0W9F4	0.38139059304703476	0.07259713701431493	0.1411042944785276	0.12065439672801637	0.2842535787321063
B4PLB3	0.3361581920903955	0.06779661016949153	0.20056497175141244	0.1497175141242938	0.2457627118644068
B4K934	0.3495440729483283	0.0729483282674772	0.1762917933130699	0.14285714285714285	0.25835866261398177
P52890	0.31095406360424027	0.0636042402826855	0.07597173144876325	0.07597173144876325	0.4734982332155477
P43275	0.38497652582159625	0.009389671361502348	0.2863849765258216	0.03286384976525822	0.2863849765258216
E9Q7E2	0.36706783369803064	0.044857768052516414	0.1050328227571116	0.07822757111597374	0.4048140043763676
Q8R3N6	0.3074581430745814	0.0898021308980213	0.1293759512937595	0.1643835616438356	0.3089802130898021
P79155	0.37777777777777777	0.044444444444444446	0.17037037037037037	0.0962962962962963	0.3111111111111111
Q09892	0.3667621776504298	0.10888252148997135	0.12893982808022922	0.1318051575931232	0.2636103151862464
Q10370	0.3026315789473684	0.02631578947368421	0.20394736842105263	0.07894736842105263	0.3881578947368421
Q12888	0.31490872210953347	0.037525354969574036	0.11257606490872211	0.16734279918864098	0.36764705882352944
Q96EQ9	0.25741399762752076	0.08422301304863583	0.20521945432977462	0.1257413997627521	0.3274021352313167
Q9PU53	0.31197771587743733	0.052924791086350974	0.17270194986072424	0.14345403899721448	0.318941504178273
Q5ZM20	0.5036496350364964	0.0364963503649635	0.145985401459854	0.10218978102189781	0.2116788321167883
P08287	0.43555555555555553	0.008888888888888889	0.29777777777777775	0.035555555555555556	0.2222222222222222
Q6NVM0	0.3163265306122449	0.02040816326530612	0.34183673469387754	0.05102040816326531	0.27040816326530615
P63149	0.29605263157894735	0.09868421052631579	0.10526315789473684	0.13157894736842105	0.3684210526315789
Q9D071	0.4248302618816683	0.06304558680892337	0.11348205625606207	0.10572259941804074	0.2929194956353055
Q7ZXV3	0.41624365482233505	0.08883248730964467	0.14720812182741116	0.13705583756345177	0.21065989847715735
P43246	0.3950749464668094	0.08029978586723768	0.12740899357601712	0.13062098501070663	0.26659528907922914
Q21874	0.348643006263048	0.11969380654140571	0.09672929714683368	0.09394572025052192	0.3409881697981907
D3Z8D9	0.38388625592417064	0.06635071090047394	0.15639810426540285	0.13270142180094788	0.26066350710900477
Q3ZBG8	0.3116531165311653	0.04878048780487805	0.14634146341463414	0.10840108401084012	0.38482384823848237
D3ZZW6	0.3609467455621302	0.03550295857988166	0.25443786982248523	0.029585798816568046	0.31952662721893493
O35144	0.34750462107208874	0.051756007393715345	0.18853974121996303	0.13863216266173753	0.2735674676524954
P04351	0.31952662721893493	0.07100591715976332	0.09467455621301775	0.11834319526627218	0.39644970414201186
P43488	0.3888888888888889	0.08585858585858586	0.12121212121212122	0.1111111111111111	0.29292929292929293
P06349	0.3942307692307692	0.014423076923076924	0.2644230769230769	0.038461538461538464	0.28846153846153844
P40235	0.32602739726027397	0.1178082191780822	0.16712328767123288	0.1095890410958904	0.27945205479452057
A0JMZ4	0.3114323258869908	0.06044678055190539	0.1800262812089356	0.09855453350854139	0.3495400788436268
Q09811	0.32379518072289154	0.07003012048192771	0.15436746987951808	0.13403614457831325	0.3177710843373494
P18074	0.3960526315789474	0.09473684210526316	0.14736842105263157	0.125	0.23684210526315788
Q1RMA6	0.3591549295774648	0.058098591549295774	0.15669014084507044	0.10915492957746478	0.31690140845070425
F4HQE2	0.3605769230769231	0.07788461538461539	0.15096153846153845	0.11442307692307692	0.29615384615384616
P23367	0.42276422764227645	0.05040650406504065	0.13333333333333333	0.11544715447154472	0.2780487804878049
Q6PR54	0.3443571723852832	0.04464654816039686	0.13393964448119058	0.1409673418768086	0.3360892930963208
P0C6Y7	0.25	0.08668341708542714	0.20854271356783918	0.13316582914572864	0.32160804020100503
P0C2N5	0.2853907134767837	0.05436013590033975	0.18799546998867497	0.14156285390713477	0.33069082672706684
Q9BUR4	0.33941605839416056	0.08211678832116788	0.08759124087591241	0.145985401459854	0.3448905109489051
P12954	0.3270868824531516	0.07495741056218058	0.17206132879045996	0.13884156729131175	0.2870528109028961
P06348	0.3791469194312796	0.009478672985781991	0.27014218009478674	0.04739336492890995	0.2938388625592417
P40286	0.3798076923076923	0.009615384615384616	0.27884615384615385	0.03365384615384615	0.2980769230769231
Q9V535	0.3333333333333333	0.07272727272727272	0.19393939393939394	0.21818181818181817	0.18181818181818182
Q8C551	0.27002967359050445	0.020771513353115726	0.18694362017804153	0.14836795252225518	0.37388724035608306
Q6ZQ88	0.40211019929660025	0.0668229777256741	0.12778429073856976	0.11957796014067995	0.283704572098476
Q7SXW6	0.41878172588832485	0.08883248730964467	0.14720812182741116	0.13451776649746192	0.21065989847715735
Q92522	0.39436619718309857	0.03286384976525822	0.26291079812206575	0.06572769953051644	0.24413145539906103
P09959	0.3275217932752179	0.0547945205479452	0.1307596513075965	0.17434620174346202	0.3125778331257783
Q8BTW3	0.4981684981684982	0.03663003663003663	0.11721611721611722	0.11721611721611722	0.23076923076923078
P38257	0.30101302460202606	0.07380607814761216	0.16353111432706222	0.1447178002894356	0.31693198263386396
B3MSG8	0.3873239436619718	0.06841046277665996	0.14788732394366197	0.11368209255533199	0.28269617706237427
O14129	0.34285714285714286	0.07142857142857142	0.13142857142857142	0.10285714285714286	0.3514285714285714
Q5HY92	0.3465085638998682	0.077733860342556	0.10144927536231885	0.08432147562582346	0.38998682476943347
Q8BGX7	0.3354769560557342	0.06002143622722401	0.1232583065380493	0.13719185423365488	0.3440514469453376
Q9Z1Y6	0.358974358974359	0.08205128205128205	0.14871794871794872	0.10256410256410256	0.3076923076923077
O16277	0.41578947368421054	0.021052631578947368	0.26842105263157895	0.03684210526315789	0.2578947368421053
B4PZB4	0.3898477157360406	0.07208121827411168	0.14619289340101524	0.11370558375634518	0.2781725888324873
Q9D1F5	0.3074626865671642	0.04776119402985075	0.15522388059701492	0.11940298507462686	0.3701492537313433
O13852	0.30120481927710846	0.10843373493975904	0.1566265060240964	0.1285140562248996	0.30522088353413657
A8VU90	0.41760299625468167	0.052434456928838954	0.14232209737827714	0.1254681647940075	0.26217228464419473
Q4QY64	0.29353778751369114	0.049835706462212484	0.17634173055859803	0.13472070098576122	0.34556407447973714
Q8IYI0	0.28780487804878047	0.08292682926829269	0.11707317073170732	0.15609756097560976	0.35609756097560974
A5PJU7	0.445859872611465	0.03821656050955414	0.1337579617834395	0.12738853503184713	0.25477707006369427
Q92878	0.31097560975609756	0.04496951219512195	0.19664634146341464	0.18216463414634146	0.2652439024390244
B2LXS7	0.33458646616541354	0.11278195488721804	0.13157894736842105	0.08646616541353383	0.33458646616541354
Q9VF26	0.36750348675034866	0.08158995815899582	0.14086471408647142	0.1199442119944212	0.2900976290097629
Q9R1X4	0.3642439431913116	0.07101086048454469	0.1545530492898914	0.164578111946533	0.24561403508771928
Q9JIL8	0.3155487804878049	0.040396341463414635	0.19969512195121952	0.18216463414634146	0.2621951219512195
P05112	0.32679738562091504	0.0784313725490196	0.17647058823529413	0.0915032679738562	0.32679738562091504
Q9XW79	0.3813813813813814	0.1021021021021021	0.12312312312312312	0.13813813813813813	0.2552552552552553
Q5BL41	0.4137055837563452	0.08883248730964467	0.14720812182741116	0.13705583756345177	0.2131979695431472
Q08297	0.4424778761061947	0.06489675516224189	0.12684365781710916	0.13274336283185842	0.23303834808259588
P52633	0.3715651135005974	0.07048984468339307	0.11469534050179211	0.10991636798088411	0.3333333333333333
Q9NYB0	0.3433583959899749	0.05513784461152882	0.13784461152882205	0.20300751879699247	0.2606516290726817
Q96FV9	0.3028919330289193	0.0882800608828006	0.1308980213089802	0.1643835616438356	0.3135464231354642
P15864	0.4481132075471698	0.009433962264150943	0.29245283018867924	0.0330188679245283	0.2169811320754717
A7MAZ5	0.416289592760181	0.00904977375565611	0.2986425339366516	0.03167420814479638	0.24434389140271492
Q5R9L2	0.3194103194103194	0.06142506142506143	0.20884520884520885	0.1375921375921376	0.2727272727272727
Q9NWS1	0.3488773747841105	0.06217616580310881	0.15716753022452504	0.1157167530224525	0.3160621761658031
P35187	0.29993089149965446	0.0663441603317208	0.15134761575673808	0.1437456807187284	0.33863165169315823
Q6ZW49	0.31805425631431244	0.06922357343311505	0.1244153414405987	0.1038353601496726	0.3844714686623012
P25847	0.3848547717842324	0.06950207468879668	0.1462655601659751	0.14107883817427386	0.258298755186722
O94488	0.28161434977578476	0.04304932735426009	0.16322869955156952	0.18834080717488788	0.3237668161434978
O88700	0.3121468926553672	0.07274011299435028	0.1596045197740113	0.13347457627118645	0.3220338983050847
Q9NRR5	0.39434276206322794	0.033277870216306155	0.06988352745424292	0.07986688851913477	0.4226289517470882
Q8K2I9	0.3742802303262956	0.08445297504798464	0.15930902111324377	0.11324376199616124	0.2687140115163148
P43278	0.31958762886597936	0.02577319587628866	0.32989690721649484	0.04639175257731959	0.27835051546391754
P22492	0.37681159420289856	0.00966183574879227	0.27053140096618356	0.03864734299516908	0.30434782608695654
B1AY15	0.29046898638426627	0.07413010590015129	0.17397881996974282	0.09833585476550681	0.3630862329803328
D4A3K5	0.37383177570093457	0.009345794392523364	0.2850467289719626	0.03271028037383177	0.29906542056074764
P31669	0.3667334669338677	0.07715430861723446	0.17234468937875752	0.1342685370741483	0.24949899799599198
P20096	0.35374149659863946	0.05442176870748299	0.1360544217687075	0.08163265306122448	0.3741496598639456
Q9ERZ6	0.34782608695652173	0.077733860342556	0.10144927536231885	0.08432147562582346	0.38866930171277997
B4M891	0.3920398009950249	0.07064676616915423	0.14029850746268657	0.10945273631840796	0.28756218905472636
O74502	0.3277511961722488	0.0861244019138756	0.14433811802232854	0.14832535885167464	0.2934609250398724
Q9UTJ8	0.32684824902723736	0.053696498054474705	0.17821011673151751	0.177431906614786	0.26381322957198444
P15865	0.410958904109589	0.0091324200913242	0.3013698630136986	0.0319634703196347	0.2465753424657534
O01833	0.4266666666666667	0.022222222222222223	0.25333333333333335	0.04888888888888889	0.24888888888888888
P54279	0.3492433061699651	0.06053550640279395	0.14435389988358557	0.119906868451688	0.3259604190919674
Q5RE34	0.3763440860215054	0.06835637480798772	0.14746543778801843	0.10522273425499232	0.30261136712749614
Q6GX84	0.34268833087149186	0.06646971935007386	0.12850812407680945	0.11669128508124077	0.345642540620384
O59923	0.3448940269749518	0.0789980732177264	0.13872832369942195	0.13102119460500963	0.3063583815028902
P02253	0.431924882629108	0.009389671361502348	0.29577464788732394	0.03286384976525822	0.2300469483568075
Q03468	0.3315472203616879	0.0709979906229069	0.17280643000669793	0.14132618888144674	0.2833221701272606
Q29FS3	0.3815659068384539	0.06838453914767097	0.14172447968285432	0.10901883052527254	0.2993062438057483
Q9UT23	0.3333333333333333	0.09112709832134293	0.16546762589928057	0.12589928057553956	0.2841726618705036
P02259	0.3263157894736842	0.021052631578947368	0.3631578947368421	0.02631578947368421	0.2631578947368421
Q5ZJT1	0.31845238095238093	0.09226190476190477	0.17261904761904762	0.12797619047619047	0.28869047619047616
Q9Z2P3	0.3869346733668342	0.08040201005025126	0.11557788944723618	0.10050251256281408	0.3165829145728643
Q8R0W6	0.38009049773755654	0.17647058823529413	0.07239819004524888	0.11764705882352941	0.25339366515837103
O42634	0.4307228915662651	0.06325301204819277	0.12951807228915663	0.1355421686746988	0.24096385542168675
P40562	0.3252769385699899	0.08056394763343404	0.16717019133937563	0.1510574018126888	0.2759315206445116
P26568	0.39416058394160586	0.01824817518248175	0.28102189781021897	0.06569343065693431	0.24087591240875914
O43008	0.3433333333333333	0.11333333333333333	0.11	0.11	0.3233333333333333
Q8VIK3	0.3782894736842105	0.023026315789473683	0.22697368421052633	0.0625	0.3092105263157895
Q3UPE3	0.4966442953020134	0.03355704697986577	0.1342281879194631	0.09395973154362416	0.24161073825503357
Q9H4L7	0.3362573099415205	0.06725146198830409	0.14717348927875243	0.15497076023391812	0.29434697855750486
Q62383	0.3082271147161066	0.08748551564310544	0.15121668597914253	0.19524913093858634	0.2578215527230591
P53488	0.41878172588832485	0.08883248730964467	0.14720812182741116	0.13451776649746192	0.21065989847715735
I3LM39	0.3414141414141414	0.07676767676767676	0.1919191919191919	0.11515151515151516	0.27474747474747474
Q9QZM3	0.39111111111111113	0.09777777777777778	0.1288888888888889	0.08444444444444445	0.29777777777777775
A6NHR9	0.35910224438902744	0.07780548628428928	0.15261845386533665	0.13216957605985039	0.27830423940149623
P26659	0.3756476683937824	0.09326424870466321	0.14507772020725387	0.13082901554404144	0.2551813471502591
Q62193	0.35555555555555557	0.07407407407407407	0.11481481481481481	0.10740740740740741	0.34814814814814815
P06722	0.43231441048034935	0.0611353711790393	0.13537117903930132	0.1222707423580786	0.24890829694323144
Q56A35	0.41878172588832485	0.08883248730964467	0.1446700507614213	0.13705583756345177	0.21065989847715735
P87231	0.31085526315789475	0.08388157894736842	0.15296052631578946	0.125	0.32730263157894735
P07750	0.35714285714285715	0.05714285714285714	0.15	0.10714285714285714	0.32857142857142857
Q96E14	0.46938775510204084	0.04081632653061224	0.14285714285714285	0.12244897959183673	0.22448979591836735
Q9CZV2	0.30196078431372547	0.09019607843137255	0.17254901960784313	0.11372549019607843	0.3215686274509804
Q10432	0.2938775510204082	0.08027210884353742	0.12653061224489795	0.14421768707482993	0.3551020408163265
Q14191	0.34916201117318435	0.06773743016759777	0.15153631284916202	0.14315642458100558	0.2884078212290503
E1BP36	0.4262135922330097	0.06019417475728155	0.11262135922330097	0.10582524271844661	0.29514563106796116
A6H772	0.3778501628664495	0.11074918566775244	0.1237785016286645	0.1498371335504886	0.23778501628664495
P40236	0.3475	0.11	0.15	0.0875	0.305
Q8W4M7	0.3970976253298153	0.09234828496042216	0.14643799472295516	0.12401055408970976	0.24010554089709762
Q60525	0.34014869888475835	0.08921933085501858	0.07992565055762081	0.13940520446096655	0.3513011152416357
P08285	0.42857142857142855	0.008928571428571428	0.29910714285714285	0.03571428571428571	0.22767857142857142
P04157	0.31421838177533384	0.08641005498821681	0.13040062843676356	0.1311861743912019	0.3377847604084839
Q0IIJ2	0.29381443298969073	0.02577319587628866	0.32989690721649484	0.04639175257731959	0.30412371134020616
E1BB03	0.3324022346368715	0.07262569832402235	0.1564245810055866	0.1266294227188082	0.31191806331471134
O74804	0.31020408163265306	0.1306122448979592	0.15510204081632653	0.10612244897959183	0.2979591836734694
Q9JKD8	0.33773584905660375	0.10754716981132076	0.1018867924528302	0.09811320754716982	0.35471698113207545
Q8BVE8	0.3018315018315018	0.07179487179487179	0.18608058608058609	0.12747252747252746	0.3128205128205128
P54276	0.3475699558173785	0.0817378497790869	0.15169366715758467	0.13843888070692195	0.280559646539028
P0C2N6	0.33617021276595743	0.08085106382978724	0.1723404255319149	0.10425531914893617	0.30638297872340425
B8QB46	0.3300589390962672	0.04911591355599214	0.14734774066797643	0.17092337917485265	0.3025540275049116
Q9HAY2	0.4006514657980456	0.08143322475570032	0.20521172638436483	0.13680781758957655	0.1758957654723127
F1ND48	0.3695652173913043	0.08300395256916997	0.14723320158102768	0.12648221343873517	0.2737154150197628
P54671	0.35	0.03333333333333333	0.2388888888888889	0.03888888888888889	0.3388888888888889
P0C928	0.3440951571792693	0.07221750212404418	0.1580288870008496	0.12914188615123195	0.2965165675446049
F8VPN2	0.2865350089766607	0.06606822262118492	0.14111310592459606	0.12746858168761221	0.37881508078994613
Q3MHE4	0.3886509635974304	0.08029978586723768	0.13062098501070663	0.13383297644539616	0.26659528907922914
Q86V20	0.3520958083832335	0.07425149700598803	0.1377245508982036	0.11736526946107785	0.318562874251497
P52292	0.4120982986767486	0.05671077504725898	0.10775047258979206	0.11720226843100189	0.30623818525519847
Q91VL8	0.3333333333333333	0.05343511450381679	0.13486005089058525	0.18829516539440203	0.2900763358778626
Q06675	0.32608695652173914	0.08967391304347826	0.15760869565217392	0.19293478260869565	0.23369565217391305
P18493	0.35826771653543305	0.07578740157480315	0.1781496062992126	0.13385826771653545	0.25393700787401574
P06700	0.35587188612099646	0.08362989323843416	0.1512455516014235	0.10676156583629894	0.302491103202847
Q8BPY9	0.34553440702781846	0.06442166910688141	0.13177159590043924	0.12445095168374817	0.33382137628111275
Q7TQK4	0.4854014598540146	0.043795620437956206	0.14233576642335766	0.11313868613138686	0.21532846715328466
P87245	0.3031301482701812	0.07084019769357495	0.1400329489291598	0.13179571663920922	0.3542009884678748
Q6GP17	0.2736842105263158	0.06432748538011696	0.20350877192982456	0.1391812865497076	0.3192982456140351
P34607	0.34175824175824177	0.09010989010989011	0.16703296703296702	0.14945054945054945	0.25164835164835164
Q8C779	0.32941176470588235	0.08823529411764706	0.15411764705882353	0.10941176470588235	0.31882352941176473
P31111	0.27314285714285713	0.036571428571428574	0.18057142857142858	0.16685714285714287	0.34285714285714286
Q9Z2Y1	0.36763485477178426	0.07219917012448132	0.15684647302904564	0.16514522821576763	0.23817427385892115
P49959	0.3206214689265537	0.07344632768361582	0.16242937853107345	0.16242937853107345	0.2810734463276836
Q99JB6	0.358974358974359	0.07692307692307693	0.14918414918414918	0.07925407925407925	0.3356643356643357
P97386	0.35960591133004927	0.07586206896551724	0.1724137931034483	0.11625615763546798	0.27586206896551724
P17246	0.34615384615384615	0.08461538461538462	0.15128205128205127	0.10256410256410256	0.3153846153846154
Q5RJX8	0.2789808917197452	0.06624203821656051	0.1961783439490446	0.13885350318471337	0.3197452229299363
Q08824	0.3851851851851852	0.08888888888888889	0.15555555555555556	0.14074074074074075	0.22962962962962963
F8VPZ5	0.3362592842673869	0.0675219446320054	0.16677920324105333	0.13436866981769074	0.2950708980418636
P15796	0.41361256544502617	0.020942408376963352	0.27225130890052357	0.041884816753926704	0.2513089005235602
P30367	0.362962962962963	0.044444444444444446	0.17777777777777778	0.08888888888888889	0.32592592592592595
Q9VQN8	0.3479923518164436	0.06309751434034416	0.16061185468451242	0.12237093690248566	0.30592734225621415
Q9SX99	0.2835249042145594	0.11877394636015326	0.18007662835249041	0.12643678160919541	0.29118773946360155
D4ACP5	0.34532374100719426	0.06885919835560124	0.1644398766700925	0.1223021582733813	0.29907502569373073
Q5U2S1	0.3891402714932127	0.17647058823529413	0.07692307692307693	0.11764705882352941	0.2398190045248869
P15927	0.3814814814814815	0.07037037037037037	0.1111111111111111	0.1037037037037037	0.3333333333333333
Q5NVR0	0.2909604519774011	0.0903954802259887	0.16101694915254236	0.12146892655367232	0.3361581920903955
P49028	0.32653061224489793	0.12244897959183673	0.17006802721088435	0.16326530612244897	0.21768707482993196
G3N131	0.39908256880733944	0.009174311926605505	0.2798165137614679	0.03211009174311927	0.2798165137614679
B2GV47	0.33293838862559244	0.08412322274881516	0.1528436018957346	0.11018957345971564	0.31990521327014215
O75888	0.412	0.072	0.132	0.076	0.308
P43248	0.39912758996728465	0.07197382769901854	0.1395856052344602	0.13849509269356597	0.25081788440567065
P61161	0.4137055837563452	0.08883248730964467	0.14720812182741116	0.13451776649746192	0.21573604060913706
B4N9D3	0.3258426966292135	0.0702247191011236	0.1853932584269663	0.14887640449438203	0.2696629213483146
P36767	0.42244224422442245	0.052805280528052806	0.1419141914191419	0.1551155115511551	0.22772277227722773
P06839	0.36118251928020567	0.08997429305912596	0.14524421593830333	0.15295629820051415	0.2506426735218509
P54831	0.358974358974359	0.07692307692307693	0.15384615384615385	0.10256410256410256	0.3076923076923077
P04786	0.2795838751625488	0.08712613784135241	0.2067620286085826	0.1755526657997399	0.25097529258777634
Q8P3H3	0.4370860927152318	0.056291390728476824	0.1490066225165563	0.17218543046357615	0.18543046357615894
P23909	0.42907385697538103	0.06447831184056271	0.12778429073856976	0.13481828839390386	0.24384525205158264
P36592	0.31343283582089554	0.06823027718550106	0.16204690831556504	0.1257995735607676	0.3304904051172708
A7MB62	0.4137055837563452	0.08883248730964467	0.14720812182741116	0.13451776649746192	0.21573604060913706
Q5M7U6	0.4137055837563452	0.08883248730964467	0.14720812182741116	0.13451776649746192	0.21573604060913706
Q6P5D8	0.35326357747882414	0.07573492775286497	0.14997508719481814	0.13004484304932734	0.2909815645241654
Q6DCF2	0.42367906066536204	0.05577299412915851	0.11448140900195694	0.1095890410958904	0.2964774951076321
Q0VCT3	0.3508771929824561	0.05764411027568922	0.13784461152882205	0.19298245614035087	0.2606516290726817
O16299	0.3468013468013468	0.05723905723905724	0.1632996632996633	0.14309764309764308	0.2895622895622896
Q9UUA2	0.337888198757764	0.06956521739130435	0.16149068322981366	0.11055900621118013	0.3204968944099379
Q9UI95	0.3886255924170616	0.06635071090047394	0.15639810426540285	0.13270142180094788	0.2559241706161137
Q5R9U6	0.24940047961630696	0.045563549160671464	0.12709832134292565	0.22302158273381295	0.354916067146283
Q93575	0.3470824949698189	0.07645875251509054	0.1659959758551308	0.1398390342052314	0.27062374245472837
Q6DE87	0.35864978902953587	0.07805907172995781	0.15611814345991562	0.1308016877637131	0.27637130801687765
P19375	0.3235294117647059	0.0196078431372549	0.31862745098039214	0.08823529411764706	0.25
P70099	0.4424778761061947	0.06489675516224189	0.12684365781710916	0.13274336283185842	0.23303834808259588
P10815	0.33402489626556015	0.08713692946058091	0.17427385892116182	0.13692946058091288	0.2676348547717842
P79339	0.3333333333333333	0.0718954248366013	0.1830065359477124	0.08496732026143791	0.32679738562091504
P0A6R3	0.3979591836734694	0.061224489795918366	0.1326530612244898	0.10204081632653061	0.30612244897959184
B4G5C9	0.3408450704225352	0.0676056338028169	0.18309859154929578	0.1352112676056338	0.27323943661971833
Q07891	0.3725231175693527	0.1083223249669749	0.12681638044914134	0.11360634081902246	0.27873183619550856
P9WMQ1	0.4357976653696498	0.06744487678339818	0.13618677042801555	0.14396887159533073	0.21660181582360571
Q6NYJ3	0.2711038961038961	0.030844155844155844	0.15097402597402598	0.16883116883116883	0.3782467532467532
P43276	0.39461883408071746	0.008968609865470852	0.30493273542600896	0.03587443946188341	0.2556053811659193
E7FBU4	0.4276126558005753	0.05465004793863854	0.10930009587727708	0.10258868648130393	0.3058485139022052
P06243	0.34122287968441817	0.11045364891518737	0.14003944773175542	0.14003944773175542	0.2682445759368836
Q5RKG3	0.31100478468899523	0.023923444976076555	0.2822966507177033	0.07894736842105263	0.3038277511961722
P44628	0.3708609271523179	0.0728476821192053	0.152317880794702	0.16556291390728478	0.23841059602649006
A6NMB9	0.46248085758039814	0.07197549770290965	0.09341500765696784	0.08575803981623277	0.28637059724349156
Q86V81	0.46303501945525294	0.04669260700389105	0.17898832684824903	0.0933852140077821	0.2178988326848249
P87074	0.30077120822622105	0.08226221079691516	0.14267352185089974	0.11696658097686376	0.35732647814910024
Q29RP8	0.2926208651399491	0.08651399491094147	0.18575063613231552	0.1297709923664122	0.3053435114503817
P31041	0.3394495412844037	0.13302752293577982	0.12844036697247707	0.08256880733944955	0.3165137614678899
P08288	0.4520547945205479	0.0091324200913242	0.2968036529680365	0.0319634703196347	0.2100456621004566
Q9U2M1	0.35557038025350235	0.07404936624416278	0.15210140093395597	0.14209472981987992	0.276184122748499
P07796	0.41935483870967744	0.018433179723502304	0.35023041474654376	0.03225806451612903	0.17972350230414746
O74773	0.39307535641547864	0.059063136456211814	0.1395112016293279	0.12932790224032586	0.2790224032586558
Q39255	0.38125	0.0625	0.11875	0.20625	0.23125
Q8IZA3	0.3786127167630058	0.017341040462427744	0.24277456647398843	0.05491329479768786	0.3063583815028902
Q3HNG7	0.36443148688046645	0.008746355685131196	0.23615160349854228	0.07871720116618076	0.3119533527696793
D3ZBN0	0.38288288288288286	0.009009009009009009	0.3063063063063063	0.036036036036036036	0.26576576576576577
P32561	0.3741339491916859	0.12240184757505773	0.13394919168591224	0.14087759815242495	0.22863741339491916
P09874	0.363905325443787	0.07396449704142012	0.1755424063116371	0.1351084812623274	0.2514792899408284
Q6IRT3	0.35776614310645727	0.06457242582897033	0.16055846422338568	0.1099476439790576	0.30715532286212915
B3NSW1	0.3868020304568528	0.07106598984771574	0.14517766497461929	0.11370558375634518	0.283248730964467
Q9D842	0.28256513026052105	0.04408817635270541	0.15430861723446893	0.17635270541082165	0.342685370741483
Q9UBD9	0.39555555555555555	0.09777777777777778	0.1288888888888889	0.08444444444444445	0.29333333333333333
O13606	0.25918762088974856	0.07736943907156674	0.13152804642166344	0.1102514506769826	0.42166344294003866
P97470	0.3778501628664495	0.11074918566775244	0.1237785016286645	0.1498371335504886	0.23778501628664495
A8WS58	0.3440643863179074	0.07645875251509054	0.15995975855130784	0.13782696177062373	0.28169014084507044
Q8J0U2	0.3983050847457627	0.0211864406779661	0.2542372881355932	0.08898305084745763	0.23728813559322035
P01137	0.36153846153846153	0.08461538461538462	0.14871794871794872	0.10256410256410256	0.30256410256410254
B4JNS2	0.38843813387423937	0.06997971602434078	0.14503042596348883	0.10851926977687627	0.2880324543610548
D3Z9Z9	0.3369140625	0.0634765625	0.1484375	0.15625	0.294921875
O19011	0.36923076923076925	0.08205128205128205	0.13846153846153847	0.09743589743589744	0.3128205128205128
A4IHT0	0.375	0.06402439024390244	0.12957317073170732	0.10518292682926829	0.32621951219512196
Q14159	0.3628415300546448	0.05027322404371585	0.13333333333333333	0.12349726775956284	0.3300546448087432
Q9P7J7	0.3135011441647597	0.09382151029748284	0.16704805491990846	0.12585812356979406	0.2997711670480549
P27806	0.42857142857142855	0.01680672268907563	0.2815126050420168	0.04201680672268908	0.23109243697478993
Q86Y97	0.354978354978355	0.07575757575757576	0.18831168831168832	0.09740259740259741	0.28354978354978355
Q80VJ6	0.2549407114624506	0.05928853754940711	0.15612648221343872	0.1324110671936759	0.39723320158102765
Q5R4K0	0.41116751269035534	0.08883248730964467	0.14720812182741116	0.13705583756345177	0.21573604060913706
Q9R152	0.36327739387956565	0.07403751233958539	0.1727541954590326	0.13228035538005922	0.25765054294175715
O24617	0.37780149413020275	0.08004268943436499	0.15048025613660618	0.14621131270010673	0.24546424759871932
P43247	0.4042780748663102	0.07700534759358289	0.12941176470588237	0.12941176470588237	0.25989304812834224
Q28EM3	0.343804537521815	0.06282722513089005	0.15706806282722513	0.12390924956369982	0.31239092495637
P10412	0.4246575342465753	0.0091324200913242	0.3013698630136986	0.0319634703196347	0.2328767123287671
O75417	0.3579150579150579	0.06640926640926641	0.14285714285714285	0.11969111969111969	0.3131274131274131
O17536	0.4031620553359684	0.019762845849802372	0.24110671936758893	0.06324110671936758	0.2727272727272727
Q9W484	0.3898477157360406	0.07106598984771574	0.14720812182741116	0.11370558375634518	0.2781725888324873
Q71M44	0.3391812865497076	0.04678362573099415	0.16764132553606237	0.1695906432748538	0.27680311890838205
Q9D112	0.2669902912621359	0.06796116504854369	0.08737864077669903	0.1650485436893204	0.41262135922330095
O35280	0.34243697478991597	0.08823529411764706	0.1638655462184874	0.12815126050420167	0.2773109243697479
Q7QEI1	0.3874873864783047	0.07467204843592332	0.14530776992936428	0.11402623612512613	0.2785065590312815
Q0VGB7	0.2589928057553957	0.04316546762589928	0.12949640287769784	0.2182254196642686	0.3501199040767386
B3NZ68	0.3333333333333333	0.06779661016949153	0.19491525423728814	0.1497175141242938	0.2542372881355932
Q5ZKL9	0.35344827586206895	0.06551724137931035	0.15689655172413794	0.10517241379310345	0.31896551724137934
P60008	0.341991341991342	0.05627705627705628	0.24242424242424243	0.04329004329004329	0.31601731601731603
P02255	0.38671875	0.01953125	0.2734375	0.046875	0.2734375
Q8R1M0	0.28611898016997167	0.08781869688385269	0.15864022662889518	0.12181303116147309	0.34560906515580736
O13800	0.36086956521739133	0.10869565217391304	0.12173913043478261	0.07391304347826087	0.3347826086956522
Q8AYC9	0.3592436974789916	0.0819327731092437	0.15966386554621848	0.12815126050420167	0.2710084033613445
B4QUF6	0.3248587570621469	0.06779661016949153	0.2062146892655367	0.15819209039548024	0.24293785310734464
P70315	0.3769230769230769	0.046153846153846156	0.10961538461538461	0.09807692307692308	0.36923076923076925
P31042	0.3486238532110092	0.12385321100917432	0.12844036697247707	0.0779816513761468	0.3211009174311927
P41183	0.2913719943422914	0.06647807637906648	0.15841584158415842	0.10608203677510608	0.37765205091937765
E1BYJ2	0.3537771129394166	0.07928197456993269	0.14958863126402394	0.1443530291697831	0.27299925205684367
P22301	0.3595505617977528	0.08426966292134831	0.15168539325842698	0.11797752808988764	0.28651685393258425
Q9EQ10	0.35602094240837695	0.055846422338568937	0.16928446771378708	0.10645724258289703	0.31239092495637
Q38HS2	0.3641025641025641	0.07692307692307693	0.15384615384615385	0.1	0.30512820512820515
Q8ZC18	0.40264026402640263	0.0594059405940594	0.1485148514851485	0.16501650165016502	0.22442244224422442
O70394	0.36276083467094705	0.08828250401284109	0.09791332263242375	0.09149277688603531	0.3595505617977528
P65973	0.429042904290429	0.052805280528052806	0.1419141914191419	0.1551155115511551	0.22112211221122113
O77507	0.4365781710914454	0.06489675516224189	0.12684365781710916	0.13569321533923304	0.2359882005899705
F1MF21	0.3470790378006873	0.05670103092783505	0.16151202749140894	0.12714776632302405	0.3075601374570447
Q4P6I8	0.40121317157712305	0.05719237435008666	0.14731369150779897	0.10658578856152513	0.2876949740034662
Q8NAM6	0.27713625866050806	0.06466512702078522	0.15473441108545036	0.12009237875288684	0.3833718244803695
P06786	0.3242296918767507	0.08893557422969188	0.16946778711484595	0.1568627450980392	0.2605042016806723
Q8HZV3	0.37109375	0.11197916666666667	0.12109375	0.11588541666666667	0.2799479166666667
P42768	0.36852589641434264	0.045816733067729085	0.11354581673306773	0.10358565737051793	0.36852589641434264
