Q8NG08	0.04783808647654094	0.027598896044158234	0.06439742410303588	0.07451701931922723	0.04415823367065318	0.045078196872125116	0.02391904323827047	0.04875804967801288	0.06439742410303588	0.09659613615455381	0.01655933762649494	0.051517939282428704	0.046918123275068994	0.04875804967801288	0.050597976080956765	0.08647654093836246	0.061637534498620056	0.06531738730450783	0.014719411223551058	0.020239190432382703
Q8MKI8	0.11799410029498525	0.014749262536873156	0.05309734513274336	0.07964601769911504	0.035398230088495575	0.0855457227138643	0.017699115044247787	0.06489675516224189	0.05014749262536873	0.0855457227138643	0.035398230088495575	0.02359882005899705	0.029498525073746312	0.04424778761061947	0.058997050147492625	0.05014749262536873	0.07079646017699115	0.05309734513274336	0	0.029498525073746312
Q503S1	0.07608695652173914	0.01358695652173913	0.04483695652173913	0.04483695652173913	0.025815217391304348	0.07472826086956522	0.025815217391304348	0.033967391304347824	0.033967391304347824	0.09918478260869565	0.024456521739130436	0.03125	0.09239130434782608	0.05298913043478261	0.03804347826086957	0.14266304347826086	0.05434782608695652	0.042119565217391304	0.010869565217391304	0.03804347826086957
Q2KJ94	0.11799410029498525	0.014749262536873156	0.05309734513274336	0.07964601769911504	0.035398230088495575	0.0855457227138643	0.017699115044247787	0.06489675516224189	0.05014749262536873	0.0855457227138643	0.035398230088495575	0.02654867256637168	0.029498525073746312	0.04424778761061947	0.058997050147492625	0.0471976401179941	0.07079646017699115	0.05309734513274336	0	0.029498525073746312
P52294	0.07806691449814127	0.024163568773234202	0.046468401486988845	0.08736059479553904	0.03717472118959108	0.05018587360594796	0.00929368029739777	0.07063197026022305	0.05204460966542751	0.10594795539033457	0.022304832713754646	0.05390334572490706	0.04275092936802974	0.06319702602230483	0.046468401486988845	0.07063197026022305	0.048327137546468404	0.05947955390334572	0.013011152416356878	0.01858736059479554
Q00578	0.06880189798339265	0.011862396204033215	0.06998813760379596	0.06998813760379596	0.04033214709371293	0.05693950177935943	0.02372479240806643	0.06287069988137604	0.06168446026097272	0.07591933570581258	0.028469750889679714	0.045077105575326216	0.04033214709371293	0.051008303677342826	0.05812574139976275	0.07829181494661921	0.04863582443653618	0.06405693950177936	0.0071174377224199285	0.036773428232502965
P59941	0.0748502994011976	0.020958083832335328	0.05688622754491018	0.05688622754491018	0.02694610778443114	0.07784431137724551	0.03293413173652695	0.02694610778443114	0.05688622754491018	0.11377245508982035	0.029940119760479042	0.023952095808383235	0.08083832335329341	0.020958083832335328	0.07784431137724551	0.059880239520958084	0.05688622754491018	0.0748502994011976	0.014970059880239521	0.014970059880239521
Q5U3H2	0.054455445544554455	0.02599009900990099	0.05693069306930693	0.06311881188118812	0.028465346534653466	0.06311881188118812	0.027227722772277228	0.034653465346534656	0.08044554455445545	0.07178217821782178	0.012376237623762377	0.04207920792079208	0.04579207920792079	0.03712871287128713	0.09900990099009901	0.13613861386138615	0.05198019801980198	0.04455445544554455	0.0049504950495049506	0.019801980198019802
Q5EAN7	0.07888040712468193	0.01272264631043257	0.0737913486005089	0.11195928753180662	0.022900763358778626	0.06615776081424936	0.015267175572519083	0.03307888040712468	0.06870229007633588	0.09414758269720101	0.015267175572519083	0.030534351145038167	0.06615776081424936	0.04834605597964377	0.05089058524173028	0.07888040712468193	0.058524173027989825	0.04580152671755725	0.007633587786259542	0.020356234096692113
Q9UUM2	0.05252317198764161	0.012358393408856848	0.07415036045314109	0.07929969104016478	0.05870236869207003	0.03192584963954686	0.018537590113285273	0.05973223480947477	0.07209062821833162	0.12976313079299692	0.016477857878475798	0.05149330587023687	0.02265705458290422	0.037075180226570546	0.0607621009268795	0.08032955715756952	0.04943357363542739	0.05046343975283213	0.006179196704428424	0.03604531410916581
H2L0H5	0.06016042780748663	0.013368983957219251	0.07754010695187166	0.08021390374331551	0.03877005347593583	0.0374331550802139	0.01871657754010695	0.05481283422459893	0.06684491978609626	0.0962566844919786	0.02540106951871658	0.04679144385026738	0.040106951871657755	0.045454545454545456	0.05614973262032086	0.10695187165775401	0.040106951871657755	0.06818181818181818	0.00267379679144385	0.02406417112299465
O08811	0.075	0.018421052631578946	0.05394736842105263	0.06842105263157895	0.046052631578947366	0.04868421052631579	0.025	0.056578947368421055	0.042105263157894736	0.125	0.019736842105263157	0.02631578947368421	0.042105263157894736	0.05263157894736842	0.07368421052631578	0.05526315789473684	0.05	0.07236842105263158	0.005263157894736842	0.04342105263157895
Q9VUM0	0.07563025210084033	0.0226890756302521	0.06722689075630252	0.06554621848739496	0.037815126050420166	0.05546218487394958	0.02857142857142857	0.04201680672268908	0.08739495798319327	0.10084033613445378	0.026050420168067228	0.04285714285714286	0.04873949579831933	0.043697478991596636	0.04285714285714286	0.06722689075630252	0.05966386554621849	0.052941176470588235	0.005042016806722689	0.02773109243697479
Q9UNS1	0.0836092715231788	0.014900662251655629	0.05380794701986755	0.11506622516556292	0.03890728476821192	0.04304635761589404	0.027317880794701987	0.03228476821192053	0.056291390728476824	0.1357615894039735	0.01903973509933775	0.03228476821192053	0.0380794701986755	0.06539735099337748	0.07201986754966887	0.061258278145695365	0.02566225165562914	0.054635761589403975	0.009933774834437087	0.020695364238410598
Q20762	0.05200281096275474	0.02178496134926212	0.05692199578355587	0.04778636683063949	0.044975404075895994	0.07027406886858749	0.012649332396345749	0.04778636683063949	0.03162333099086437	0.06605762473647224	0.03373155305692199	0.06113843991567112	0.05692199578355587	0.06676036542515812	0.06676036542515812	0.05832747716092762	0.06605762473647224	0.060435699226985246	0.014054813773717497	0.06394940267041462
Q12098	0.04411764705882353	0.008021390374331552	0.07085561497326204	0.08957219251336898	0.03609625668449198	0.03208556149732621	0.008021390374331552	0.06818181818181818	0.07887700534759358	0.0748663101604278	0.017379679144385027	0.07085561497326204	0.04679144385026738	0.06283422459893048	0.040106951871657755	0.10160427807486631	0.08021390374331551	0.0481283422459893	0.004010695187165776	0.017379679144385027
Q6ZNX1	0.036	0.028	0.04	0.056	0.028	0.036	0.044	0.068	0.084	0.112	0.012	0.044	0.06	0.052	0.048	0.096	0.064	0.036	0.024	0.032
Q32N66	0.059964726631393295	0.019400352733686066	0.059964726631393295	0.0582010582010582	0.04056437389770723	0.05114638447971781	0.019400352733686066	0.04938271604938271	0.09876543209876543	0.12345679012345678	0.008818342151675485	0.0564373897707231	0.047619047619047616	0.04056437389770723	0.04056437389770723	0.08465608465608465	0.06525573192239859	0.054673721340388004	0.005291005291005291	0.015873015873015872
Q68CP9	0.06757493188010899	0.01580381471389646	0.03651226158038147	0.041961852861035424	0.026158038147138966	0.06757493188010899	0.02779291553133515	0.05068119891008174	0.044141689373297	0.07193460490463215	0.018528610354223433	0.046866485013623976	0.08555858310626703	0.09318801089918256	0.0326975476839237	0.10299727520435967	0.0653950953678474	0.08501362397820164	0.004904632152588556	0.014713896457765668
Q8BG89	0.0857843137254902	0.0196078431372549	0.03676470588235294	0.10049019607843138	0.0392156862745098	0.031862745098039214	0.041666666666666664	0.02696078431372549	0.08823529411764706	0.09558823529411764	0.0196078431372549	0.024509803921568627	0.04411764705882353	0.056372549019607844	0.08088235294117647	0.07352941176470588	0.051470588235294115	0.058823529411764705	0.0024509803921568627	0.022058823529411766
A4K436	0.08634868421052631	0.02549342105263158	0.049342105263157895	0.061677631578947366	0.039473684210526314	0.07072368421052631	0.033717105263157895	0.032072368421052634	0.049342105263157895	0.09703947368421052	0.017269736842105265	0.017269736842105265	0.06907894736842106	0.05838815789473684	0.07154605263157894	0.0756578947368421	0.044407894736842105	0.07236842105263158	0.008223684210526315	0.02055921052631579
Q9D777	0.06639004149377593	0.012448132780082987	0.04149377593360996	0.04149377593360996	0.024896265560165973	0.08298755186721991	0.03319502074688797	0.03319502074688797	0.04564315352697095	0.1037344398340249	0.02074688796680498	0.012448132780082987	0.04979253112033195	0.06224066390041494	0.08713692946058091	0.0954356846473029	0.04564315352697095	0.0954356846473029	0.029045643153526972	0.016597510373443983
Q3UEN2	0.05611672278338945	0.028058361391694726	0.051627384960718295	0.06958473625140292	0.03367003367003367	0.051627384960718295	0.02244668911335578	0.038159371492704826	0.06846240179573512	0.10549943883277217	0.015712682379349047	0.03928170594837262	0.04264870931537598	0.06509539842873176	0.038159371492704826	0.10998877665544332	0.052749719416386086	0.07631874298540965	0.010101010101010102	0.024691358024691357
Q9USU3	0.07289293849658314	0.014806378132118452	0.0489749430523918	0.05694760820045558	0.06605922551252848	0.04555808656036447	0.02733485193621868	0.06492027334851937	0.06492027334851937	0.11161731207289294	0.017084282460136675	0.0489749430523918	0.03758542141230068	0.03758542141230068	0.04669703872437358	0.09567198177676538	0.04441913439635535	0.05011389521640091	0.012528473804100227	0.03530751708428246
P06800	0.05731990704879938	0.023237800154918668	0.05731990704879938	0.07358636715724244	0.032532920216886134	0.053446940356312936	0.020914020139426802	0.045701006971340045	0.06661502711076685	0.07281177381874517	0.015491866769945779	0.05964368706429125	0.06506584043377227	0.041053446940356314	0.044151820294345466	0.07900852052672347	0.07436096049573973	0.06816421378776143	0.009295120061967466	0.040278853601859024
Q04692	0.047992164544564155	0.01665034280117532	0.06268364348677767	0.0920666013712047	0.03232125367286973	0.04211557296767875	0.021547502448579822	0.05582761998041136	0.0832517140058766	0.10969637610186092	0.03330068560235064	0.058765915768854066	0.03623898139079334	0.05190989226248776	0.04505386875612145	0.089128305582762	0.043095004897159644	0.047992164544564155	0.007835455435847209	0.022526934378060724
O14757	0.04201680672268908	0.02100840336134454	0.06302521008403361	0.06512605042016807	0.037815126050420166	0.05672268907563025	0.02100840336134454	0.05672268907563025	0.0861344537815126	0.10294117647058823	0.023109243697478993	0.04831932773109244	0.05672268907563025	0.037815126050420166	0.052521008403361345	0.07352941176470588	0.04201680672268908	0.06302521008403361	0.02100840336134454	0.029411764705882353
Q8VID5	0.09674134419551934	0.028513238289205704	0.048879837067209775	0.07026476578411406	0.03767820773930754	0.06822810590631365	0.023421588594704685	0.025458248472505093	0.07433808553971487	0.08859470468431772	0.01120162932790224	0.023421588594704685	0.06008146639511202	0.0539714867617108	0.06720977596741344	0.09470468431771895	0.04175152749490835	0.05295315682281059	0.008146639511201629	0.024439918533604887
Q9KU12	0.07894736842105263	0.019736842105263157	0.07236842105263158	0.09210526315789473	0.039473684210526314	0.046052631578947366	0.01644736842105263	0.049342105263157895	0.08552631578947369	0.12171052631578948	0.03289473684210526	0.03618421052631579	0.04276315789473684	0.03618421052631579	0.046052631578947366	0.0625	0.03289473684210526	0.06578947368421052	0.013157894736842105	0.009868421052631578
O13396	0.07897545357524013	0.014941302027748132	0.0672358591248666	0.08110992529348986	0.04055496264674493	0.06296691568836713	0.023479188900747065	0.05336179295624333	0.064034151547492	0.10779082177161152	0.022411953041622197	0.029882604055496264	0.0288153681963714	0.042689434364994665	0.060832443970117396	0.06296691568836713	0.05549626467449306	0.07150480256136606	0.007470651013874066	0.023479188900747065
B4GU19	0.07135777998017839	0.015857284440039643	0.049554013875123884	0.05946481665014866	0.036669970267591674	0.06541129831516353	0.017839444995044598	0.05946481665014866	0.06937561942517344	0.08721506442021804	0.02973240832507433	0.049554013875123884	0.048562933597621406	0.05252725470763132	0.05450941526263627	0.07730426164519326	0.05550049554013875	0.06838453914767097	0.008919722497522299	0.022794846382556987
P50414	0.05897435897435897	0.03076923076923077	0.041025641025641026	0.06153846153846154	0.023076923076923078	0.05128205128205128	0.028205128205128206	0.038461538461538464	0.05128205128205128	0.13076923076923078	0.023076923076923078	0.038461538461538464	0.07435897435897436	0.03076923076923077	0.07179487179487179	0.08717948717948718	0.038461538461538464	0.05897435897435897	0.017948717948717947	0.04358974358974359
P26446	0.06824925816023739	0.01582591493570722	0.05341246290801187	0.08506429277942631	0.03066271018793274	0.06824925816023739	0.018793273986152326	0.051434223541048464	0.12462908011869436	0.08605341246290801	0.021760633036597428	0.036597428288822946	0.04451038575667656	0.03857566765578635	0.033630069238377844	0.06528189910979229	0.05242334322453017	0.05934718100890208	0.012858555885262116	0.032640949554896145
Q9NQW5	0.06707317073170732	0.018292682926829267	0.046747967479674794	0.08130081300813008	0.028455284552845527	0.07317073170731707	0.024390243902439025	0.042682926829268296	0.05894308943089431	0.056910569105691054	0.03048780487804878	0.0508130081300813	0.06097560975609756	0.052845528455284556	0.07317073170731707	0.09552845528455285	0.03861788617886179	0.042682926829268296	0.026422764227642278	0.03048780487804878
Q299L3	0.08426966292134831	0.016853932584269662	0.05337078651685393	0.08426966292134831	0.03651685393258427	0.042134831460674156	0.008426966292134831	0.05337078651685393	0.12640449438202248	0.06460674157303371	0.028089887640449437	0.056179775280898875	0.05898876404494382	0.05056179775280899	0.047752808988764044	0.0449438202247191	0.0449438202247191	0.06460674157303371	0.014044943820224719	0.019662921348314606
Q5XII5	0.06390977443609022	0.02819548872180451	0.06954887218045112	0.07894736842105263	0.039473684210526314	0.07706766917293233	0.018796992481203006	0.02443609022556391	0.016917293233082706	0.10150375939849623	0.015037593984962405	0.03195488721804511	0.07894736842105263	0.04887218045112782	0.041353383458646614	0.11278195488721804	0.04887218045112782	0.05639097744360902	0.020676691729323307	0.02631578947368421
Q2V905	0.08213820078226858	0.009126466753585397	0.0469361147327249	0.06649282920469361	0.061277705345501955	0.06910039113428944	0.01694915254237288	0.0469361147327249	0.054758800521512385	0.09256844850065189	0.01955671447196871	0.061277705345501955	0.04302477183833116	0.02607561929595828	0.048239895697522815	0.0847457627118644	0.05345501955671447	0.06649282920469361	0.014341590612777053	0.03650586701434159
P16402	0.2081447963800905	0	0.004524886877828055	0.027149321266968326	0.004524886877828055	0.07692307692307693	0	0.01809954751131222	0.27601809954751133	0.04524886877828054	0.004524886877828055	0.013574660633484163	0.09954751131221719	0.00904977375565611	0.01809954751131222	0.07239819004524888	0.06334841628959276	0.05429864253393665	0	0.004524886877828055
Q7T0L4	0.12158054711246201	0.0121580547112462	0.057750759878419454	0.0911854103343465	0.03343465045592705	0.0729483282674772	0.0243161094224924	0.015197568389057751	0.030395136778115502	0.10638297872340426	0.0182370820668693	0.0182370820668693	0.0668693009118541	0.04559270516717325	0.08206686930091185	0.0668693009118541	0.05167173252279635	0.05167173252279635	0.0121580547112462	0.02127659574468085
P27008	0.07199211045364892	0.015779092702169626	0.054240631163708086	0.07593688362919132	0.028599605522682446	0.07100591715976332	0.01873767258382643	0.04142011834319527	0.1222879684418146	0.09072978303747535	0.02465483234714004	0.03155818540433925	0.047337278106508875	0.03550295857988166	0.03353057199211045	0.08777120315581854	0.038461538461538464	0.06607495069033531	0.01282051282051282	0.03155818540433925
P07200	0.06153846153846154	0.03076923076923077	0.038461538461538464	0.0641025641025641	0.023076923076923078	0.05128205128205128	0.028205128205128206	0.03333333333333333	0.04871794871794872	0.14102564102564102	0.017948717948717947	0.038461538461538464	0.07948717948717948	0.03076923076923077	0.07692307692307693	0.07948717948717948	0.038461538461538464	0.05897435897435897	0.017948717948717947	0.041025641025641026
P61160	0.04314720812182741	0.012690355329949238	0.0532994923857868	0.08121827411167512	0.04060913705583756	0.08121827411167512	0.02030456852791878	0.06345177664974619	0.06345177664974619	0.10406091370558376	0.030456852791878174	0.03807106598984772	0.04314720812182741	0.027918781725888325	0.06345177664974619	0.03807106598984772	0.05583756345177665	0.09137055837563451	0.007614213197969543	0.04060913705583756
Q19743	0.1971153846153846	0	0.019230769230769232	0.019230769230769232	0.004807692307692308	0.04326923076923077	0.004807692307692308	0.04326923076923077	0.25	0.02403846153846154	0.009615384615384616	0.028846153846153848	0.0673076923076923	0.019230769230769232	0.02403846153846154	0.052884615384615384	0.08653846153846154	0.09134615384615384	0	0.014423076923076924
P70399	0.06348400203148806	0.019299136617572373	0.062468257998984256	0.11122397155916709	0.02031488065007618	0.06297613001523616	0.02031488065007618	0.030980192991366177	0.04926358557643474	0.07414931437277807	0.014220416455053326	0.02133062468257999	0.08481462671406806	0.05434230573895378	0.03961401726764855	0.12392077196546471	0.062468257998984256	0.0675469781615033	0.004062976130015236	0.013204672422549517
O74331	0.049586776859504134	0.04132231404958678	0.03856749311294766	0.10192837465564739	0.03581267217630854	0.04132231404958678	0.02203856749311295	0.04132231404958678	0.05785123966942149	0.10192837465564739	0.02203856749311295	0.05234159779614325	0.01928374655647383	0.05234159779614325	0.05234159779614325	0.10743801652892562	0.046831955922865015	0.06336088154269973	0.02203856749311295	0.030303030303030304
Q6NVF4	0.06052141527001862	0.027932960893854747	0.0670391061452514	0.08379888268156424	0.04562383612662942	0.054003724394785846	0.020484171322160148	0.03910614525139665	0.06797020484171322	0.08845437616387337	0.015828677839851025	0.0297951582867784	0.04748603351955307	0.055865921787709494	0.06052141527001862	0.08193668528864059	0.05307262569832402	0.0670391061452514	0.01303538175046555	0.020484171322160148
Q8NB91	0.03841676367869616	0.03608847497089639	0.03958090803259604	0.07683352735739232	0.05820721769499418	0.04190919674039581	0.017462165308498253	0.059371362048894066	0.08381839348079162	0.1210710128055879	0.020954598370197905	0.051222351571594875	0.034924330616996506	0.03841676367869616	0.03608847497089639	0.09429569266589057	0.047729918509895226	0.06868451688009314	0.009313154831199068	0.025611175785797437
Q9GLD3	0.07662337662337662	0.01038961038961039	0.04935064935064935	0.06753246753246753	0.05974025974025974	0.06363636363636363	0.016883116883116882	0.048051948051948054	0.05064935064935065	0.09480519480519481	0.025974025974025976	0.06363636363636363	0.045454545454545456	0.02727272727272727	0.05454545454545454	0.07922077922077922	0.05974025974025974	0.05584415584415584	0.015584415584415584	0.03506493506493506
Q8VZ79	0.05873261205564142	0.010819165378670788	0.07727975270479134	0.11591962905718702	0.015455950540958269	0.05409582689335394	0.023183925811437404	0.04327666151468315	0.1143740340030912	0.10664605873261206	0.021638330757341576	0.05409582689335394	0.021638330757341576	0.05409582689335394	0.05409582689335394	0.04945904173106646	0.03245749613601236	0.05100463678516229	0.015455950540958269	0.02627511591962906
P53551	0.09689922480620156	0.003875968992248062	0.01937984496124031	0.05813953488372093	0.027131782945736434	0.05426356589147287	0	0.04263565891472868	0.2248062015503876	0.06201550387596899	0.011627906976744186	0.03488372093023256	0.05813953488372093	0.015503875968992248	0.015503875968992248	0.12790697674418605	0.06976744186046512	0.05426356589147287	0	0.023255813953488372
P01580	0.05161290322580645	0.025806451612903226	0.03870967741935484	0.05806451612903226	0.06451612903225806	0.025806451612903226	0.025806451612903226	0.08387096774193549	0.06451612903225806	0.10967741935483871	0.025806451612903226	0.07741935483870968	0.012903225806451613	0.05806451612903226	0.05161290322580645	0.10967741935483871	0.025806451612903226	0.05806451612903226	0.012903225806451613	0.01935483870967742
Q8W103	0.05688073394495413	0.009174311926605505	0.08073394495412844	0.07064220183486239	0.031192660550458717	0.06513761467889909	0.023853211009174313	0.05963302752293578	0.081651376146789	0.10550458715596331	0.02018348623853211	0.043119266055045874	0.03302752293577982	0.047706422018348627	0.05504587155963303	0.08256880733944955	0.05871559633027523	0.04036697247706422	0.009174311926605505	0.025688073394495414
Q6NTE8	0.06997084548104957	0.03498542274052478	0.037900874635568516	0.07580174927113703	0.02040816326530612	0.08163265306122448	0.014577259475218658	0.0058309037900874635	0.0641399416909621	0.07871720116618076	0.0058309037900874635	0.014577259475218658	0.07871720116618076	0.09329446064139942	0.07580174927113703	0.11370262390670553	0.043731778425655975	0.05830903790087463	0.026239067055393587	0.0058309037900874635
Q5XIJ1	0.04815864022662889	0.028328611898016998	0.06515580736543909	0.056657223796033995	0.0339943342776204	0.04815864022662889	0.014164305949008499	0.0339943342776204	0.0764872521246459	0.08498583569405099	0.019830028328611898	0.039660056657223795	0.0821529745042493	0.05099150141643059	0.0679886685552408	0.11898016997167139	0.036827195467422094	0.039660056657223795	0.031161473087818695	0.0226628895184136
E9Q5F9	0.043358297201419	0.02010248324793063	0.06346078044934962	0.0910524241229799	0.025620811982656682	0.046511627906976744	0.025620811982656682	0.029956641702798582	0.07725660228616477	0.06464327946393378	0.016554986204178165	0.03862830114308238	0.07252660622782814	0.05163579030350808	0.059913283405597165	0.12613322822230982	0.06267244777296019	0.04690579424517146	0.006700827749310209	0.030744974379188016
B4JF25	0.07854984894259819	0.01812688821752266	0.045317220543806644	0.09667673716012085	0.03323262839879154	0.03625377643504532	0.00906344410876133	0.07250755287009064	0.11782477341389729	0.05740181268882175	0.03927492447129909	0.05740181268882175	0.04833836858006042	0.04229607250755287	0.04833836858006042	0.06042296072507553	0.030211480362537766	0.06948640483383686	0.015105740181268883	0.02416918429003021
P17108	0.05806451612903226	0.025806451612903226	0.03870967741935484	0.06451612903225806	0.04516129032258064	0.025806451612903226	0.01935483870967742	0.04516129032258064	0.06451612903225806	0.16774193548387098	0.03225806451612903	0.04516129032258064	0.03225806451612903	0.07741935483870968	0.03225806451612903	0.07096774193548387	0.06451612903225806	0.06451612903225806	0.0064516129032258064	0.01935483870967742
Q9Y6F1	0.0600375234521576	0.016885553470919325	0.0450281425891182	0.08442776735459662	0.03564727954971857	0.06566604127579738	0.03377110694183865	0.043151969981238276	0.07129455909943715	0.0900562851782364	0.01876172607879925	0.0450281425891182	0.06566604127579738	0.06566604127579738	0.04690431519699812	0.0600375234521576	0.0525328330206379	0.06191369606003752	0.01125703564727955	0.02626641651031895
P20585	0.07563764291996482	0.014951627088830254	0.051890941072999124	0.07211961301671065	0.03869832893579595	0.04661389621811785	0.028144239226033423	0.06508355321020229	0.08179419525065963	0.09674582233948989	0.018469656992084433	0.036939313984168866	0.03869832893579595	0.04661389621811785	0.04661389621811785	0.0853122251539138	0.05804749340369393	0.06508355321020229	0.005277044854881266	0.027264731750219876
Q62351	0.07732634338138926	0.009174311926605505	0.05242463958060288	0.0655307994757536	0.05897771952817824	0.061598951507208385	0.01834862385321101	0.04849279161205767	0.0655307994757536	0.09436435124508519	0.023591087811271297	0.05504587155963303	0.035386631716906945	0.03669724770642202	0.04325032765399738	0.08519003931847968	0.05111402359108781	0.06684141546526867	0.01310615989515072	0.03800786369593709
Q553L4	0.05549626467449306	0.014941302027748132	0.0672358591248666	0.064034151547492	0.04909284951974386	0.05656350053361793	0.0192102454642476	0.0768409818569904	0.08217716115261472	0.10779082177161152	0.020277481323372464	0.05869797225186766	0.023479188900747065	0.04909284951974386	0.030949839914621132	0.09391675560298826	0.04375667022411953	0.05656350053361793	0.0064034151547491995	0.023479188900747065
Q55G81	0.04252577319587629	0.024484536082474227	0.04768041237113402	0.06056701030927835	0.041237113402061855	0.04252577319587629	0.010309278350515464	0.07731958762886598	0.05283505154639175	0.10438144329896908	0.023195876288659795	0.055412371134020616	0.037371134020618556	0.04381443298969072	0.06314432989690721	0.10695876288659793	0.06056701030927835	0.05670103092783505	0.005154639175257732	0.04381443298969072
Q02539	0.19534883720930232	0	0.004651162790697674	0.027906976744186046	0.004651162790697674	0.06046511627906977	0	0.013953488372093023	0.2651162790697674	0.046511627906976744	0.004651162790697674	0.018604651162790697	0.08837209302325581	0.009302325581395349	0.018604651162790697	0.10697674418604651	0.06511627906976744	0.06511627906976744	0	0.004651162790697674
Q75WM6	0.15294117647058825	0.00784313725490196	0.01568627450980392	0.07450980392156863	0.00392156862745098	0.08627450980392157	0.011764705882352941	0.00784313725490196	0.08627450980392157	0.047058823529411764	0.00784313725490196	0.011764705882352941	0.0784313725490196	0.047058823529411764	0.17254901960784313	0.07450980392156863	0.050980392156862744	0.0392156862745098	0.01568627450980392	0.00784313725490196
P13705	0.05866177818515124	0.021081576535288724	0.04949587534372136	0.07882676443629698	0.03758020164986251	0.05041246562786435	0.02383134738771769	0.05224564619615032	0.07516040329972502	0.10449129239230064	0.022914757103574702	0.03666361136571952	0.04032997250229148	0.044912923923006415	0.05774518790100825	0.08249312557286893	0.05591200733272227	0.07516040329972502	0.005499541704857928	0.026581118240146653
B4I0K4	0.07971014492753623	0.016563146997929608	0.050724637681159424	0.061076604554865424	0.036231884057971016	0.06418219461697723	0.017598343685300208	0.055900621118012424	0.07039337474120083	0.09213250517598344	0.031055900621118012	0.042443064182194616	0.046583850931677016	0.045548654244306416	0.060041407867494824	0.07867494824016563	0.047619047619047616	0.06935817805383022	0.009316770186335404	0.024844720496894408
Q9D752	0.037914691943127965	0.018957345971563982	0.061611374407582936	0.07109004739336493	0.037914691943127965	0.014218009478672985	0.04739336492890995	0.061611374407582936	0.06635071090047394	0.11848341232227488	0.02843601895734597	0.037914691943127965	0.05687203791469194	0.052132701421800945	0.04265402843601896	0.04265402843601896	0.052132701421800945	0.12322274881516587	0.004739336492890996	0.023696682464454975
F4JEX5	0.054411764705882354	0.014705882352941176	0.06911764705882353	0.07794117647058824	0.045588235294117645	0.09117647058823529	0.013235294117647059	0.05	0.07205882352941176	0.1	0.022058823529411766	0.04264705882352941	0.047058823529411764	0.027941176470588237	0.06911764705882353	0.09264705882352942	0.04264705882352941	0.045588235294117645	0.010294117647058823	0.011764705882352941
Q91ZN7	0.03991596638655462	0.018907563025210083	0.06092436974789916	0.06722689075630252	0.04411764705882353	0.06092436974789916	0.025210084033613446	0.05672268907563025	0.08403361344537816	0.09663865546218488	0.0273109243697479	0.052521008403361345	0.052521008403361345	0.037815126050420166	0.052521008403361345	0.07563025210084033	0.03991596638655462	0.06302521008403361	0.02100840336134454	0.023109243697478993
Q07133	0.15865384615384615	0	0.014423076923076924	0.02403846153846154	0.009615384615384616	0.09134615384615384	0	0.009615384615384616	0.19230769230769232	0.0673076923076923	0.02403846153846154	0.028846153846153848	0.0673076923076923	0.02403846153846154	0.0673076923076923	0.1201923076923077	0.04807692307692308	0.04807692307692308	0	0.004807692307692308
Q9NQV7	0.03243847874720358	0.0447427293064877	0.03243847874720358	0.08612975391498881	0.03131991051454139	0.08612975391498881	0.04809843400447427	0.024608501118568233	0.07046979865771812	0.06375838926174497	0.013422818791946308	0.030201342281879196	0.052572706935123045	0.053691275167785234	0.10067114093959731	0.07606263982102908	0.053691275167785234	0.04586129753914989	0.017897091722595078	0.035794183445190156
Q7ZTP2	0.048223350253807105	0.012690355329949238	0.05583756345177665	0.08121827411167512	0.04060913705583756	0.08121827411167512	0.02030456852791878	0.0583756345177665	0.06598984771573604	0.10406091370558376	0.030456852791878174	0.03553299492385787	0.04314720812182741	0.027918781725888325	0.06091370558375635	0.03553299492385787	0.05583756345177665	0.09390862944162437	0.007614213197969543	0.04060913705583756
Q9FYS5	0.16062176165803108	0	0.03626943005181347	0.04145077720207254	0.010362694300518135	0.09844559585492228	0.010362694300518135	0.025906735751295335	0.09844559585492228	0.046632124352331605	0.02072538860103627	0.02072538860103627	0.17616580310880828	0.0051813471502590676	0.07772020725388601	0.08808290155440414	0.04145077720207254	0.02072538860103627	0	0.02072538860103627
P43274	0.2511415525114155	0	0.0045662100456621	0.0273972602739726	0.0045662100456621	0.0684931506849315	0	0.0091324200913242	0.2785388127853881	0.0410958904109589	0.0045662100456621	0.0136986301369863	0.0867579908675799	0.0045662100456621	0.0228310502283105	0.0730593607305936	0.0684931506849315	0.0365296803652968	0	0.0045662100456621
Q63528	0.07407407407407407	0.011111111111111112	0.05555555555555555	0.05185185185185185	0.044444444444444446	0.07037037037037037	0.02962962962962963	0.05555555555555555	0.04814814814814815	0.05925925925925926	0.03333333333333333	0.05925925925925926	0.05925925925925926	0.05185185185185185	0.02962962962962963	0.1	0.05925925925925926	0.08148148148148149	0.007407407407407408	0.018518518518518517
P35637	0.024714828897338403	0.0076045627376425855	0.049429657794676805	0.02091254752851711	0.024714828897338403	0.2889733840304182	0.005703422053231939	0.015209125475285171	0.026615969581749048	0.005703422053231939	0.015209125475285171	0.045627376425855515	0.051330798479087454	0.09885931558935361	0.07034220532319392	0.12927756653992395	0.03612167300380228	0.009505703422053232	0.005703422053231939	0.06844106463878327
Q03834	0.06280193236714976	0.011272141706924315	0.0748792270531401	0.07246376811594203	0.04508856682769726	0.050724637681159424	0.01610305958132045	0.06038647342995169	0.0861513687600644	0.08454106280193237	0.030595813204508857	0.05152979066022544	0.03462157809983897	0.037037037037037035	0.0426731078904992	0.09178743961352658	0.06602254428341385	0.04428341384863124	0.00966183574879227	0.027375201288244767
Q15554	0.1014760147601476	0.005535055350553505	0.04059040590405904	0.0940959409594096	0.025830258302583026	0.07749077490774908	0.01107011070110701	0.03136531365313653	0.08302583025830258	0.07933579335793357	0.027675276752767528	0.04059040590405904	0.06642066420664207	0.03874538745387454	0.07564575645756458	0.07933579335793357	0.04981549815498155	0.04797047970479705	0.012915129151291513	0.01107011070110701
P04551	0.04713804713804714	0.010101010101010102	0.06060606060606061	0.07744107744107744	0.04040404040404041	0.05723905723905724	0.030303030303030304	0.06397306397306397	0.06397306397306397	0.11447811447811448	0.02356902356902357	0.04377104377104377	0.04040404040404041	0.026936026936026935	0.07407407407407407	0.06060606060606061	0.037037037037037035	0.07407407407407407	0.013468013468013467	0.04040404040404041
P15870	0.21081081081081082	0	0.021621621621621623	0.016216216216216217	0.010810810810810811	0.04864864864864865	0.016216216216216217	0.016216216216216217	0.2918918918918919	0.03783783783783784	0.010810810810810811	0.016216216216216217	0.08648648648648649	0.016216216216216217	0.016216216216216217	0.06486486486486487	0.05945945945945946	0.04864864864864865	0	0.010810810810810811
Q5ZM39	0.05649717514124294	0.043785310734463276	0.038135593220338986	0.0692090395480226	0.03531073446327684	0.04519774011299435	0.03954802259887006	0.04096045197740113	0.052259887005649715	0.07344632768361582	0.03248587570621469	0.06073446327683616	0.06497175141242938	0.04096045197740113	0.06638418079096045	0.11299435028248588	0.052259887005649715	0.043785310734463276	0.0014124293785310734	0.029661016949152543
P02786	0.07894736842105263	0.010526315789473684	0.056578947368421055	0.060526315789473685	0.060526315789473685	0.06973684210526315	0.017105263157894738	0.042105263157894736	0.06578947368421052	0.09342105263157895	0.018421052631578946	0.05526315789473684	0.04078947368421053	0.030263157894736843	0.04342105263157895	0.07368421052631578	0.05789473684210526	0.07368421052631578	0.014473684210526316	0.03684210526315789
Q5RC43	0.08518518518518518	0.007407407407407408	0.05185185185185185	0.05185185185185185	0.040740740740740744	0.07407407407407407	0.02962962962962963	0.05555555555555555	0.05185185185185185	0.05555555555555555	0.037037037037037035	0.06296296296296296	0.05555555555555555	0.04814814814814815	0.02962962962962963	0.1037037037037037	0.05185185185185185	0.07777777777777778	0.007407407407407408	0.022222222222222223
Q2KIJ1	0.038834951456310676	0.024271844660194174	0.07281553398058252	0.07766990291262135	0.043689320388349516	0.038834951456310676	0.014563106796116505	0.03398058252427184	0.04854368932038835	0.0825242718446602	0.014563106796116505	0.06310679611650485	0.05339805825242718	0.09223300970873786	0.03398058252427184	0.13106796116504854	0.06310679611650485	0.03398058252427184	0.009708737864077669	0.02912621359223301
Q8CJI4	0.14321608040201006	0.002512562814070352	0.022613065326633167	0.07035175879396985	0.007537688442211055	0.04773869346733668	0.01507537688442211	0.022613065326633167	0.09045226130653267	0.052763819095477386	0.002512562814070352	0.010050251256281407	0.04020100502512563	0.06281407035175879	0.16331658291457288	0.13316582914572864	0.052763819095477386	0.04020100502512563	0.010050251256281407	0.010050251256281407
O13329	0.037102473498233215	0.015901060070671377	0.0706713780918728	0.08657243816254417	0.04063604240282685	0.054770318021201414	0.022968197879858657	0.04770318021201413	0.07950530035335689	0.09363957597173145	0.02120141342756184	0.054770318021201414	0.04240282685512368	0.038869257950530034	0.06007067137809187	0.07597173144876325	0.05653710247349823	0.04770318021201413	0.00530035335689046	0.04770318021201413
Q6NZQ4	0.06912878787878787	0.021780303030303032	0.03314393939393939	0.06628787878787878	0.03409090909090909	0.043560606060606064	0.035037878787878785	0.04071969696969697	0.054924242424242424	0.10511363636363637	0.013257575757575758	0.03314393939393939	0.08238636363636363	0.1278409090909091	0.03977272727272727	0.0634469696969697	0.04261363636363636	0.061553030303030304	0.010416666666666666	0.021780303030303032
Q8CGS6	0.07036163522012578	0.020833333333333332	0.04834905660377359	0.07036163522012578	0.035770440251572326	0.06918238993710692	0.02437106918238994	0.046383647798742135	0.06289308176100629	0.09905660377358491	0.023191823899371068	0.03734276729559748	0.04716981132075472	0.05581761006289308	0.054245283018867926	0.09787735849056604	0.05306603773584906	0.0589622641509434	0.007861635220125786	0.01690251572327044
Q99L02	0.08695652173913043	0.007905138339920948	0.05533596837944664	0.16600790513833993	0.015810276679841896	0.07114624505928854	0.011857707509881422	0.019762845849802372	0.043478260869565216	0.08695652173913043	0.019762845849802372	0.007905138339920948	0.09486166007905138	0.039525691699604744	0.07509881422924901	0.11067193675889328	0.04743083003952569	0.023715415019762844	0.007905138339920948	0.007905138339920948
Q4R4I0	0.1	0.0075	0.0725	0.1325	0.0275	0.0575	0.015	0.035	0.0625	0.0825	0.0175	0.0225	0.06	0.045	0.0575	0.0775	0.0475	0.0525	0.0075	0.02
P17122	0.03535353535353535	0.005050505050505051	0.05555555555555555	0.08585858585858586	0.07575757575757576	0.025252525252525252	0.015151515151515152	0.09090909090909091	0.050505050505050504	0.10101010101010101	0.015151515151515152	0.08080808080808081	0.025252525252525252	0.05555555555555555	0.050505050505050504	0.07575757575757576	0.04040404040404041	0.08080808080808081	0.010101010101010102	0.025252525252525252
Q08955	0.03205128205128205	0.01282051282051282	0.038461538461538464	0.07051282051282051	0.07051282051282051	0.00641025641025641	0.01282051282051282	0.07692307692307693	0.057692307692307696	0.15384615384615385	0.02564102564102564	0.057692307692307696	0.01282051282051282	0.057692307692307696	0.02564102564102564	0.10256410256410256	0.0641025641025641	0.07051282051282051	0.03205128205128205	0.019230769230769232
B0W9F4	0.06748466257668712	0.018404907975460124	0.05112474437627812	0.06952965235173825	0.03783231083844581	0.06339468302658487	0.014314928425357873	0.07770961145194274	0.07566462167689161	0.08997955010224949	0.026584867075664622	0.05214723926380368	0.05112474437627812	0.044989775051124746	0.05112474437627812	0.06952965235173825	0.04805725971370143	0.05623721881390593	0.0081799591002045	0.026584867075664622
B4PLB3	0.07909604519774012	0.01694915254237288	0.05084745762711865	0.09887005649717515	0.02824858757062147	0.04519774011299435	0.00847457627118644	0.05084745762711865	0.1440677966101695	0.06779661016949153	0.02824858757062147	0.05084745762711865	0.062146892655367235	0.025423728813559324	0.0480225988700565	0.03954802259887006	0.05084745762711865	0.06497175141242938	0.014124293785310734	0.025423728813559324
B4K934	0.07598784194528875	0.0182370820668693	0.03951367781155015	0.1033434650455927	0.03343465045592705	0.03343465045592705	0.0121580547112462	0.0668693009118541	0.11550151975683891	0.057750759878419454	0.02735562310030395	0.0486322188449848	0.0547112462006079	0.03951367781155015	0.0486322188449848	0.05167173252279635	0.04559270516717325	0.08814589665653495	0.015197568389057751	0.0243161094224924
P52890	0.09363957597173145	0.00530035335689046	0.04240282685512368	0.03356890459363958	0.038869257950530034	0.0706713780918728	0.0088339222614841	0.024734982332155476	0.03180212014134275	0.0636042402826855	0.014134275618374558	0.09010600706713781	0.09187279151943463	0.07243816254416961	0.0353356890459364	0.13957597173144876	0.07420494699646643	0.044169611307420496	0.0035335689045936395	0.02120141342756184
P43275	0.19718309859154928	0	0.004694835680751174	0.028169014084507043	0.004694835680751174	0.046948356807511735	0	0.014084507042253521	0.27230046948356806	0.04225352112676056	0.004694835680751174	0.018779342723004695	0.08450704225352113	0.014084507042253521	0.014084507042253521	0.09859154929577464	0.07042253521126761	0.07981220657276995	0	0.004694835680751174
E9Q7E2	0.07822757111597374	0.01586433260393873	0.03665207877461707	0.04157549234135667	0.02516411378555799	0.06564551422319474	0.027899343544857767	0.044857768052516414	0.04266958424507659	0.07549234135667396	0.016958424507658644	0.04540481400437637	0.09080962800875274	0.09080962800875274	0.03446389496717724	0.09956236323851203	0.06236323851203501	0.08588621444201312	0.004923413566739606	0.01477024070021882
Q8R3N6	0.0517503805175038	0.0197869101978691	0.0563165905631659	0.1080669710806697	0.0471841704718417	0.0395738203957382	0.0106544901065449	0.0410958904109589	0.0730593607305936	0.1111111111111111	0.0197869101978691	0.0639269406392694	0.0441400304414003	0.0426179604261796	0.045662100456621	0.076103500761035	0.0624048706240487	0.0441400304414003	0.015220700152207	0.0273972602739726
