P54903	0.13075060532687652	0.009685230024213076	0.0387409200968523	0.11864406779661017	0.014527845036319613	0.07021791767554479	0.01694915254237288	0.026634382566585957	0.05084745762711865	0.162227602905569	0.01937046004842615	0.024213075060532687	0.043583535108958835	0.012106537530266344	0.09685230024213075	0.026634382566585957	0.04116222760290557	0.06779661016949153	0.01694915254237288	0.012106537530266344
B5YK66	0.07177033492822966	0.014354066985645933	0.05980861244019139	0.08133971291866028	0.02631578947368421	0.06937799043062201	0.014354066985645933	0.09090909090909091	0.1076555023923445	0.0861244019138756	0.03349282296650718	0.050239234449760764	0.02631578947368421	0.02631578947368421	0.0430622009569378	0.03827751196172249	0.0430622009569378	0.09090909090909091	0.0023923444976076554	0.023923444976076555
A5N0V1	0.09808612440191387	0.011961722488038277	0.05263157894736842	0.08133971291866028	0.01674641148325359	0.06937799043062201	0.014354066985645933	0.09090909090909091	0.06937799043062201	0.09330143540669857	0.03110047846889952	0.06698564593301436	0.02631578947368421	0.011961722488038277	0.045454545454545456	0.05741626794258373	0.05980861244019139	0.07177033492822966	0.0023923444976076554	0.028708133971291867
Q9KPT9	0.14423076923076922	0.007211538461538462	0.0625	0.055288461538461536	0.02403846153846154	0.06490384615384616	0.016826923076923076	0.052884615384615384	0.06009615384615385	0.11057692307692307	0.028846153846153848	0.04807692307692308	0.026442307692307692	0.038461538461538464	0.04326923076923077	0.06971153846153846	0.040865384615384616	0.08173076923076923	0.004807692307692308	0.019230769230769232
Q1WRR6	0.11325301204819277	0.012048192771084338	0.06265060240963856	0.0819277108433735	0.02650602409638554	0.060240963855421686	0.014457831325301205	0.09156626506024096	0.06746987951807229	0.07710843373493977	0.01927710843373494	0.05542168674698795	0.024096385542168676	0.05060240963855422	0.043373493975903614	0.03132530120481928	0.060240963855421686	0.07951807228915662	0.004819277108433735	0.024096385542168676
B2K6Q4	0.12649164677804295	0.014319809069212411	0.06443914081145585	0.05250596658711217	0.016706443914081145	0.06443914081145585	0.031026252983293555	0.05250596658711217	0.03579952267303103	0.12649164677804295	0.021479713603818614	0.03818615751789976	0.031026252983293555	0.03818615751789976	0.06205250596658711	0.06205250596658711	0.05250596658711217	0.08353221957040573	0.007159904534606206	0.01909307875894988
A8EVN0	0.08009708737864078	0.01699029126213592	0.05339805825242718	0.06067961165048544	0.02669902912621359	0.06796116504854369	0.02669902912621359	0.11165048543689321	0.06796116504854369	0.09951456310679611	0.012135922330097087	0.07281553398058252	0.02669902912621359	0.0412621359223301	0.03640776699029126	0.07281553398058252	0.050970873786407765	0.05339805825242718	0.0024271844660194173	0.019417475728155338
Q73XR2	0.1632183908045977	0.004597701149425287	0.06436781609195402	0.05057471264367816	0.016091954022988506	0.09195402298850575	0.020689655172413793	0.0367816091954023	0.013793103448275862	0.10344827586206896	0.016091954022988506	0.029885057471264367	0.041379310344827586	0.03908045977011494	0.08275862068965517	0.04597701149425287	0.06206896551724138	0.10114942528735632	0.004597701149425287	0.011494252873563218
Q1QDZ7	0.12009237875288684	0.006928406466512702	0.08083140877598152	0.06466512702078522	0.013856812933025405	0.07621247113163972	0.02771362586605081	0.08314087759815242	0.046189376443418015	0.09006928406466513	0.03002309468822171	0.053117782909930716	0.025404157043879907	0.025404157043879907	0.046189376443418015	0.053117782909930716	0.06466512702078522	0.06466512702078522	0.004618937644341801	0.023094688221709007
Q31BU4	0.07339449541284404	0.011467889908256881	0.05963302752293578	0.06880733944954129	0.03211009174311927	0.07110091743119266	0.01834862385321101	0.0871559633027523	0.08486238532110092	0.11009174311926606	0.01834862385321101	0.06422018348623854	0.027522935779816515	0.02981651376146789	0.03669724770642202	0.07339449541284404	0.04357798165137615	0.06422018348623854	0.0022935779816513763	0.022935779816513763
B7JD15	0.0891566265060241	0.00963855421686747	0.04819277108433735	0.09156626506024096	0.02650602409638554	0.06506024096385542	0.021686746987951807	0.0819277108433735	0.06506024096385542	0.09397590361445783	0.024096385542168676	0.04096385542168675	0.024096385542168676	0.03855421686746988	0.04578313253012048	0.07951807228915662	0.05542168674698795	0.0746987951807229	0.007228915662650603	0.016867469879518072
Q39QR2	0.11961722488038277	0.009569377990430622	0.05741626794258373	0.07655502392344497	0.02631578947368421	0.06937799043062201	0.023923444976076555	0.08373205741626795	0.050239234449760764	0.09808612440191387	0.03588516746411483	0.03827751196172249	0.03827751196172249	0.02631578947368421	0.0645933014354067	0.04066985645933014	0.04784688995215311	0.07416267942583732	0.004784688995215311	0.014354066985645933
C4ZTA0	0.12949640287769784	0.016786570743405275	0.06954436450839328	0.05755395683453238	0.011990407673860911	0.07434052757793765	0.016786570743405275	0.06474820143884892	0.045563549160671464	0.10311750599520383	0.02158273381294964	0.0407673860911271	0.02877697841726619	0.04316546762589928	0.05995203836930456	0.05275779376498801	0.050359712230215826	0.09112709832134293	0.002398081534772182	0.019184652278177457
B2SHW6	0.16908212560386474	0.012077294685990338	0.06280193236714976	0.06763285024154589	0.016908212560386472	0.06280193236714976	0.021739130434782608	0.057971014492753624	0.024154589371980676	0.1280193236714976	0.021739130434782608	0.024154589371980676	0.033816425120772944	0.03140096618357488	0.0893719806763285	0.043478260869565216	0.04106280193236715	0.07971014492753623	0	0.012077294685990338
A1SYT9	0.10843373493975904	0.012048192771084338	0.05783132530120482	0.07228915662650602	0.024096385542168676	0.07951807228915662	0.021686746987951807	0.07951807228915662	0.06987951807228916	0.1180722891566265	0.014457831325301205	0.04578313253012048	0.02650602409638554	0.02891566265060241	0.03855421686746988	0.05060240963855422	0.04819277108433735	0.08433734939759036	0.004819277108433735	0.014457831325301205
B3QPW0	0.11190476190476191	0.007142857142857143	0.07142857142857142	0.07380952380952381	0.02857142857142857	0.05	0.02619047619047619	0.08095238095238096	0.04047619047619048	0.11428571428571428	0.016666666666666666	0.04047619047619048	0.04523809523809524	0.030952380952380953	0.05952380952380952	0.05476190476190476	0.05238095238095238	0.06666666666666667	0.002380952380952381	0.02619047619047619
Q639W9	0.0891566265060241	0.00963855421686747	0.05060240963855422	0.0891566265060241	0.02650602409638554	0.06506024096385542	0.021686746987951807	0.08433734939759036	0.06506024096385542	0.09397590361445783	0.024096385542168676	0.04096385542168675	0.024096385542168676	0.03855421686746988	0.04578313253012048	0.07710843373493977	0.05301204819277108	0.0746987951807229	0.007228915662650603	0.01927710843373494
A4SFP8	0.1066350710900474	0.004739336492890996	0.05687203791469194	0.08056872037914692	0.023696682464454975	0.05687203791469194	0.026066350710900472	0.06635071090047394	0.04028436018957346	0.12322274881516587	0.02843601895734597	0.037914691943127965	0.04028436018957346	0.018957345971563982	0.061611374407582936	0.07345971563981042	0.06635071090047394	0.06398104265402843	0.002369668246445498	0.02132701421800948
Q92LB2	0.15690866510538642	0.0117096018735363	0.06323185011709602	0.07259953161592506	0.02107728337236534	0.08665105386416862	0.0234192037470726	0.07259953161592506	0.0351288056206089	0.08196721311475409	0.02810304449648712	0.02810304449648712	0.03278688524590164	0.0117096018735363	0.07259953161592506	0.05152224824355972	0.0468384074941452	0.08665105386416862	0.00702576112412178	0.00936768149882904
Q9HX20	0.1496437054631829	0.009501187648456057	0.0688836104513064	0.0665083135391924	0.011876484560570071	0.08076009501187649	0.021377672209026127	0.07600950118764846	0.026128266033254157	0.09501187648456057	0.021377672209026127	0.028503562945368172	0.03800475059382423	0.023752969121140142	0.08076009501187649	0.047505938242280284	0.052256532066508314	0.07363420427553444	0.0023752969121140144	0.026128266033254157
Q3SG61	0.1623529411764706	0.01411764705882353	0.0611764705882353	0.06352941176470588	0.009411764705882352	0.09176470588235294	0.021176470588235293	0.058823529411764705	0.04	0.08705882352941176	0.023529411764705882	0.023529411764705882	0.03294117647058824	0.03294117647058824	0.07529411764705882	0.03529411764705882	0.04470588235294118	0.09411764705882353	0.004705882352941176	0.023529411764705882
A5CXP4	0.08353221957040573	0.014319809069212411	0.0477326968973747	0.045346062052505964	0.011933174224343675	0.07159904534606205	0.021479713603818614	0.11455847255369929	0.07637231503579953	0.09785202863961814	0.011933174224343675	0.07637231503579953	0.01909307875894988	0.031026252983293555	0.045346062052505964	0.081145584725537	0.059665871121718374	0.06205250596658711	0.002386634844868735	0.026252983293556086
P07004	0.12949640287769784	0.016786570743405275	0.06954436450839328	0.05755395683453238	0.011990407673860911	0.07434052757793765	0.016786570743405275	0.06474820143884892	0.045563549160671464	0.10311750599520383	0.02158273381294964	0.0407673860911271	0.02877697841726619	0.04316546762589928	0.05995203836930456	0.05275779376498801	0.050359712230215826	0.09112709832134293	0.002398081534772182	0.019184652278177457
Q6AFX9	0.16864608076009502	0.0023752969121140144	0.057007125890736345	0.05463182897862233	0.019002375296912115	0.08788598574821853	0.019002375296912115	0.06413301662707839	0.0166270783847981	0.09501187648456057	0.011876484560570071	0.0332541567695962	0.035629453681710214	0.028503562945368172	0.05938242280285035	0.05938242280285035	0.07125890736342043	0.10688836104513064	0.004750593824228029	0.004750593824228029
Q46F78	0.0894854586129754	0.013422818791946308	0.07829977628635347	0.07158836689038031	0.026845637583892617	0.06263982102908278	0.015659955257270694	0.08053691275167785	0.08277404921700224	0.10738255033557047	0.024608501118568233	0.03131991051454139	0.024608501118568233	0.02237136465324385	0.040268456375838924	0.0738255033557047	0.049217002237136466	0.06935123042505593	0.0044742729306487695	0.03131991051454139
B8J8Z7	0.18032786885245902	0.0117096018735363	0.0585480093676815	0.0585480093676815	0.01639344262295082	0.08196721311475409	0.02107728337236534	0.03747072599531616	0.03981264637002342	0.12646370023419204	0.0117096018735363	0.02107728337236534	0.05152224824355972	0.01873536299765808	0.09836065573770492	0.04215456674473068	0.03278688524590164	0.07494145199063232	0.00234192037470726	0.01405152224824356
C1CK18	0.12380952380952381	0.004761904761904762	0.05952380952380952	0.07857142857142857	0.01904761904761905	0.06190476190476191	0.023809523809523808	0.06190476190476191	0.05476190476190476	0.0880952380952381	0.02857142857142857	0.03571428571428571	0.023809523809523808	0.04047619047619048	0.04047619047619048	0.06904761904761905	0.06190476190476191	0.09761904761904762	0	0.02619047619047619
A8ZRY3	0.15789473684210525	0.014354066985645933	0.05980861244019139	0.05741626794258373	0.019138755980861243	0.06937799043062201	0.023923444976076555	0.0645933014354067	0.04066985645933014	0.10047846889952153	0.028708133971291867	0.028708133971291867	0.03349282296650718	0.02631578947368421	0.05741626794258373	0.05502392344497608	0.05502392344497608	0.08373205741626795	0.004784688995215311	0.019138755980861243
Q21D00	0.18244803695150116	0.009237875288683603	0.06466512702078522	0.06235565819861432	0.023094688221709007	0.09006928406466513	0.02771362586605081	0.057736720554272515	0.025404157043879907	0.07852193995381063	0.020785219399538105	0.025404157043879907	0.03926096997690531	0.025404157043879907	0.07390300230946882	0.03464203233256351	0.046189376443418015	0.10161662817551963	0.004618937644341801	0.006928406466512702
C3NZU4	0.0893719806763285	0.00966183574879227	0.04830917874396135	0.09178743961352658	0.024154589371980676	0.06521739130434782	0.021739130434782608	0.07971014492753623	0.06763285024154589	0.09178743961352658	0.024154589371980676	0.03864734299516908	0.026570048309178744	0.03864734299516908	0.04589371980676329	0.07971014492753623	0.057971014492753624	0.0748792270531401	0.007246376811594203	0.016908212560386472
Q054P8	0.06009615384615385	0.009615384615384616	0.04567307692307692	0.08413461538461539	0.040865384615384616	0.0673076923076923	0.021634615384615384	0.06009615384615385	0.07211538461538461	0.125	0.019230769230769232	0.05048076923076923	0.04326923076923077	0.016826923076923076	0.04807692307692308	0.07692307692307693	0.057692307692307696	0.08173076923076923	0	0.019230769230769232
A5ICA4	0.0815347721822542	0.011990407673860911	0.0671462829736211	0.045563549160671464	0.02877697841726619	0.05515587529976019	0.02158273381294964	0.09832134292565947	0.07913669064748201	0.1223021582733813	0.011990407673860911	0.07194244604316546	0.03597122302158273	0.03836930455635491	0.03836930455635491	0.050359712230215826	0.05755395683453238	0.05755395683453238	0.002398081534772182	0.023980815347721823
A2CAS7	0.12557077625570776	0.0091324200913242	0.0593607305936073	0.07077625570776255	0.0228310502283105	0.0684931506849315	0.02054794520547945	0.0639269406392694	0.02054794520547945	0.14383561643835616	0.01141552511415525	0.02968036529680365	0.03881278538812785	0.05251141552511415	0.0776255707762557	0.06621004566210045	0.04337899543378995	0.0547945205479452	0.00228310502283105	0.0182648401826484
Q0SPX8	0.0891566265060241	0.012048192771084338	0.060240963855421686	0.08674698795180723	0.021686746987951807	0.07951807228915662	0.00963855421686747	0.09879518072289156	0.0891566265060241	0.08433734939759036	0.014457831325301205	0.06987951807228916	0.024096385542168676	0.012048192771084338	0.04096385542168675	0.04819277108433735	0.05060240963855422	0.07951807228915662	0.0024096385542168677	0.02650602409638554
B7V8A7	0.1496437054631829	0.009501187648456057	0.0688836104513064	0.0665083135391924	0.011876484560570071	0.08076009501187649	0.019002375296912115	0.07600950118764846	0.026128266033254157	0.09738717339667459	0.021377672209026127	0.028503562945368172	0.03800475059382423	0.023752969121140142	0.08076009501187649	0.047505938242280284	0.052256532066508314	0.07363420427553444	0.0023752969121140144	0.026128266033254157
Q9JUK8	0.14285714285714285	0.007142857142857143	0.07142857142857142	0.06666666666666667	0.02142857142857143	0.0761904761904762	0.023809523809523808	0.06666666666666667	0.047619047619047616	0.09285714285714286	0.023809523809523808	0.030952380952380953	0.03333333333333333	0.023809523809523808	0.06190476190476191	0.05238095238095238	0.05714285714285714	0.07380952380952381	0.002380952380952381	0.023809523809523808
B1JIH2	0.12649164677804295	0.014319809069212411	0.06443914081145585	0.05250596658711217	0.016706443914081145	0.06443914081145585	0.031026252983293555	0.05250596658711217	0.03579952267303103	0.12649164677804295	0.021479713603818614	0.03818615751789976	0.031026252983293555	0.03818615751789976	0.06205250596658711	0.06205250596658711	0.05250596658711217	0.08353221957040573	0.007159904534606206	0.01909307875894988
Q0SH62	0.162227602905569	0.004842615012106538	0.06295399515738499	0.05569007263922518	0.012106537530266344	0.07263922518159806	0.026634382566585957	0.0387409200968523	0.01937046004842615	0.11380145278450363	0.012106537530266344	0.024213075060532687	0.04116222760290557	0.026634382566585957	0.06779661016949153	0.06295399515738499	0.0774818401937046	0.1016949152542373	0.007263922518159807	0.009685230024213076
Q5E6W0	0.13636363636363635	0.007177033492822967	0.05502392344497608	0.07655502392344497	0.02631578947368421	0.06937799043062201	0.01674641148325359	0.06220095693779904	0.05502392344497608	0.10047846889952153	0.02631578947368421	0.05502392344497608	0.028708133971291867	0.028708133971291867	0.04066985645933014	0.06220095693779904	0.0430622009569378	0.0861244019138756	0.004784688995215311	0.019138755980861243
Q8Z932	0.12259615384615384	0.019230769230769232	0.0625	0.0625	0.016826923076923076	0.07451923076923077	0.026442307692307692	0.057692307692307696	0.04326923076923077	0.11298076923076923	0.028846153846153848	0.038461538461538464	0.03365384615384615	0.038461538461538464	0.055288461538461536	0.05048076923076923	0.052884615384615384	0.0889423076923077	0.002403846153846154	0.01201923076923077
A9KMV0	0.09397590361445783	0.014457831325301205	0.04578313253012048	0.0891566265060241	0.024096385542168676	0.06987951807228916	0.021686746987951807	0.0891566265060241	0.060240963855421686	0.10361445783132531	0.01927710843373494	0.05301204819277108	0.024096385542168676	0.03855421686746988	0.04578313253012048	0.060240963855421686	0.05301204819277108	0.07228915662650602	0	0.021686746987951807
Q8FN87	0.1278538812785388	0.0091324200913242	0.0684931506849315	0.0684931506849315	0.0182648401826484	0.0867579908675799	0.02054794520547945	0.0593607305936073	0.02511415525114155	0.08904109589041095	0.02511415525114155	0.0319634703196347	0.0273972602739726	0.0365296803652968	0.05707762557077625	0.04794520547945205	0.08447488584474885	0.1004566210045662	0.0045662100456621	0.01141552511415525
A5GJS5	0.1632183908045977	0.011494252873563218	0.08275862068965517	0.052873563218390804	0.022988505747126436	0.07816091954022988	0.020689655172413793	0.0367816091954023	0.022988505747126436	0.12873563218390804	0.011494252873563218	0.020689655172413793	0.0367816091954023	0.022988505747126436	0.08275862068965517	0.06436781609195402	0.041379310344827586	0.07816091954022988	0.0022988505747126436	0.01839080459770115
A8AKP4	0.1366906474820144	0.014388489208633094	0.06954436450839328	0.06235011990407674	0.014388489208633094	0.07434052757793765	0.019184652278177457	0.06474820143884892	0.0407673860911271	0.11031175059952038	0.019184652278177457	0.03597122302158273	0.03117505995203837	0.03836930455635491	0.06235011990407674	0.050359712230215826	0.05515587529976019	0.0815347721822542	0.002398081534772182	0.016786570743405275
A6WXS2	0.1873536299765808	0.00936768149882904	0.0702576112412178	0.06323185011709602	0.01639344262295082	0.08665105386416862	0.02576112412177986	0.07962529274004684	0.03747072599531616	0.08430913348946135	0.0234192037470726	0.02576112412177986	0.03278688524590164	0.01405152224824356	0.06557377049180328	0.04918032786885246	0.0351288056206089	0.07494145199063232	0.00468384074941452	0.01405152224824356
P54902	0.12471131639722864	0.020785219399538105	0.04849884526558892	0.06235565819861432	0.018475750577367205	0.08083140877598152	0.03233256351039261	0.07621247113163972	0.03926096997690531	0.12009237875288684	0.009237875288683603	0.03002309468822171	0.04157043879907621	0.05542725173210162	0.03695150115473441	0.053117782909930716	0.06004618937644342	0.057736720554272515	0.004618937644341801	0.02771362586605081
B7VJB0	0.12740384615384615	0.007211538461538462	0.06490384615384616	0.07451923076923077	0.026442307692307692	0.06971153846153846	0.019230769230769232	0.057692307692307696	0.052884615384615384	0.11057692307692307	0.021634615384615384	0.04807692307692308	0.021634615384615384	0.021634615384615384	0.04807692307692308	0.07211538461538461	0.04807692307692308	0.08653846153846154	0.004807692307692308	0.016826923076923076
A3CMT1	0.12142857142857143	0.007142857142857143	0.06190476190476191	0.07857142857142857	0.016666666666666666	0.05952380952380952	0.01904761904761905	0.06428571428571428	0.06428571428571428	0.09523809523809523	0.02857142857142857	0.023809523809523808	0.02142857142857143	0.047619047619047616	0.04523809523809524	0.06190476190476191	0.07142857142857142	0.08333333333333333	0.002380952380952381	0.02619047619047619
Q8XHA7	0.09156626506024096	0.012048192771084338	0.060240963855421686	0.0891566265060241	0.024096385542168676	0.07951807228915662	0.00963855421686747	0.09397590361445783	0.0891566265060241	0.08674698795180723	0.014457831325301205	0.06746987951807229	0.024096385542168676	0.012048192771084338	0.04096385542168675	0.04578313253012048	0.05060240963855422	0.07951807228915662	0.0024096385542168677	0.02650602409638554
Q87RU9	0.12740384615384615	0.007211538461538462	0.057692307692307696	0.0673076923076923	0.026442307692307692	0.06490384615384616	0.016826923076923076	0.0625	0.06009615384615385	0.10576923076923077	0.028846153846153848	0.055288461538461536	0.026442307692307692	0.02403846153846154	0.04326923076923077	0.07211538461538461	0.04567307692307692	0.08653846153846154	0.004807692307692308	0.016826923076923076
B7GJH1	0.09685230024213075	0.009685230024213076	0.043583535108958835	0.09200968523002422	0.01937046004842615	0.06053268765133172	0.024213075060532687	0.07990314769975787	0.06053268765133172	0.09927360774818401	0.021791767554479417	0.03389830508474576	0.03389830508474576	0.06053268765133172	0.043583535108958835	0.05084745762711865	0.06053268765133172	0.07990314769975787	0.007263922518159807	0.021791767554479417
Q8DVM9	0.125	0.004807692307692308	0.0625	0.0673076923076923	0.03365384615384615	0.06490384615384616	0.019230769230769232	0.08413461538461539	0.055288461538461536	0.09134615384615384	0.016826923076923076	0.04567307692307692	0.026442307692307692	0.040865384615384616	0.05048076923076923	0.05048076923076923	0.04567307692307692	0.09134615384615384	0.002403846153846154	0.021634615384615384
B7L3Z5	0.12709832134292565	0.016786570743405275	0.06954436450839328	0.05995203836930456	0.011990407673860911	0.07434052757793765	0.016786570743405275	0.06474820143884892	0.045563549160671464	0.10311750599520383	0.02158273381294964	0.0407673860911271	0.02877697841726619	0.0407673860911271	0.05995203836930456	0.05275779376498801	0.05275779376498801	0.09112709832134293	0.002398081534772182	0.019184652278177457
Q5FRT2	0.17330210772833723	0.01873536299765808	0.0702576112412178	0.06323185011709602	0.01873536299765808	0.09133489461358314	0.02810304449648712	0.053864168618266976	0.01873536299765808	0.09836065573770492	0.0234192037470726	0.0234192037470726	0.0351288056206089	0.01873536299765808	0.08430913348946135	0.053864168618266976	0.04215456674473068	0.06791569086651054	0.00702576112412178	0.00936768149882904
B9E4Q5	0.09808612440191387	0.011961722488038277	0.05263157894736842	0.08133971291866028	0.01674641148325359	0.06937799043062201	0.014354066985645933	0.09090909090909091	0.06937799043062201	0.09330143540669857	0.03110047846889952	0.06698564593301436	0.02631578947368421	0.011961722488038277	0.045454545454545456	0.05741626794258373	0.05980861244019139	0.07177033492822966	0.0023923444976076554	0.028708133971291867
Q9UT44	0.09534368070953436	0.011086474501108648	0.06651884700665188	0.05543237250554324	0.017738359201773836	0.06208425720620843	0.019955654101995565	0.0598669623059867	0.07982261640798226	0.11086474501108648	0.022172949002217297	0.04212860310421286	0.03547671840354767	0.026607538802660754	0.03547671840354767	0.0975609756097561	0.04656319290465632	0.08425720620842572	0.0022172949002217295	0.028824833702882482
Q47UQ0	0.1076555023923445	0.014354066985645933	0.05980861244019139	0.05263157894736842	0.02631578947368421	0.05980861244019139	0.028708133971291867	0.09569377990430622	0.05502392344497608	0.08133971291866028	0.019138755980861243	0.05741626794258373	0.02631578947368421	0.050239234449760764	0.03827751196172249	0.08373205741626795	0.045454545454545456	0.07894736842105263	0	0.019138755980861243
Q7MN58	0.13221153846153846	0.007211538461538462	0.06009615384615385	0.06490384615384616	0.026442307692307692	0.0673076923076923	0.019230769230769232	0.06009615384615385	0.06009615384615385	0.10576923076923077	0.026442307692307692	0.05048076923076923	0.026442307692307692	0.03365384615384615	0.04326923076923077	0.0625	0.04807692307692308	0.08173076923076923	0.004807692307692308	0.019230769230769232
Q2RKZ6	0.14114832535885166	0.009569377990430622	0.04066985645933014	0.07894736842105263	0.019138755980861243	0.08133971291866028	0.014354066985645933	0.06698564593301436	0.03349282296650718	0.10287081339712918	0.019138755980861243	0.03827751196172249	0.03110047846889952	0.03110047846889952	0.07894736842105263	0.03349282296650718	0.06937799043062201	0.07894736842105263	0.007177033492822967	0.023923444976076555
Q5GZF2	0.16908212560386474	0.012077294685990338	0.06280193236714976	0.06763285024154589	0.016908212560386472	0.06280193236714976	0.021739130434782608	0.05555555555555555	0.024154589371980676	0.1280193236714976	0.021739130434782608	0.024154589371980676	0.033816425120772944	0.03140096618357488	0.0893719806763285	0.043478260869565216	0.043478260869565216	0.07971014492753623	0	0.012077294685990338
A4JBI4	0.1536643026004728	0.009456264775413711	0.08037825059101655	0.05200945626477541	0.01182033096926714	0.08274231678486997	0.028368794326241134	0.0591016548463357	0.0425531914893617	0.10401891252955082	0.02364066193853428	0.028368794326241134	0.028368794326241134	0.018912529550827423	0.07328605200945626	0.04728132387706856	0.04728132387706856	0.08274231678486997	0.002364066193853428	0.02364066193853428
B1ZFJ0	0.18287037037037038	0.011574074074074073	0.06712962962962964	0.05324074074074074	0.020833333333333332	0.09490740740740741	0.023148148148148147	0.06018518518518518	0.02546296296296296	0.09027777777777778	0.018518518518518517	0.020833333333333332	0.037037037037037035	0.02546296296296296	0.0763888888888889	0.03935185185185185	0.0625	0.08101851851851852	0.0023148148148148147	0.006944444444444444
A6V0A3	0.15201900237529692	0.009501187648456057	0.0665083135391924	0.0665083135391924	0.011876484560570071	0.0831353919239905	0.021377672209026127	0.07600950118764846	0.023752969121140142	0.09501187648456057	0.021377672209026127	0.028503562945368172	0.03800475059382423	0.023752969121140142	0.0831353919239905	0.047505938242280284	0.0498812351543943	0.07363420427553444	0.0023752969121140144	0.026128266033254157
Q28Q10	0.14218009478672985	0.011848341232227487	0.07582938388625593	0.07582938388625593	0.026066350710900472	0.0971563981042654	0.023696682464454975	0.06872037914691943	0.030805687203791468	0.08293838862559241	0.02843601895734597	0.018957345971563982	0.026066350710900472	0.023696682464454975	0.07109004739336493	0.04976303317535545	0.052132701421800945	0.07819905213270142	0.0071090047393364926	0.009478672985781991
P65789	0.1710843373493976	0.004819277108433735	0.06506024096385542	0.05060240963855422	0.012048192771084338	0.0746987951807229	0.02891566265060241	0.04096385542168675	0.014457831325301205	0.12048192771084337	0.012048192771084338	0.03132530120481928	0.043373493975903614	0.04096385542168675	0.07710843373493977	0.03614457831325301	0.06506024096385542	0.09397590361445783	0.004819277108433735	0.012048192771084338
B2IZ89	0.1103448275862069	0.016091954022988506	0.06206896551724138	0.06436781609195402	0.027586206896551724	0.06436781609195402	0.027586206896551724	0.10344827586206896	0.06206896551724138	0.0896551724137931	0.006896551724137931	0.03218390804597701	0.0367816091954023	0.03908045977011494	0.04367816091954023	0.05057471264367816	0.06666666666666667	0.06896551724137931	0.0022988505747126436	0.02528735632183908
A4T2I0	0.15421686746987953	0.004819277108433735	0.07710843373493977	0.04578313253012048	0.014457831325301205	0.07951807228915662	0.024096385542168676	0.043373493975903614	0.012048192771084338	0.10602409638554217	0.014457831325301205	0.02650602409638554	0.043373493975903614	0.033734939759036145	0.07710843373493977	0.05542168674698795	0.0746987951807229	0.10120481927710843	0.004819277108433735	0.007228915662650603
A7GVZ7	0.11990950226244344	0.011312217194570135	0.049773755656108594	0.07918552036199095	0.03167420814479638	0.08597285067873303	0.020361990950226245	0.06787330316742081	0.058823529411764705	0.10180995475113122	0.013574660633484163	0.05203619909502263	0.01809954751131222	0.024886877828054297	0.04751131221719457	0.0746606334841629	0.033936651583710405	0.09276018099547512	0.004524886877828055	0.011312217194570135
Q87VV6	0.14251781472684086	0.014251781472684086	0.05938242280285035	0.06175771971496437	0.014251781472684086	0.0855106888361045	0.028503562945368172	0.07363420427553444	0.026128266033254157	0.0855106888361045	0.028503562945368172	0.021377672209026127	0.035629453681710214	0.028503562945368172	0.07600950118764846	0.06175771971496437	0.04513064133016627	0.08076009501187649	0.0023752969121140144	0.028503562945368172
B1VXE5	0.15456674473067916	0.00702576112412178	0.07259953161592506	0.05620608899297424	0.0117096018735363	0.07259953161592506	0.01873536299765808	0.04918032786885246	0.01639344262295082	0.0936768149882904	0.00936768149882904	0.0234192037470726	0.04449648711943794	0.02107728337236534	0.07259953161592506	0.06323185011709602	0.07962529274004684	0.11007025761124122	0.00468384074941452	0.01873536299765808
P45121	0.09832134292565947	0.016786570743405275	0.04316546762589928	0.06954436450839328	0.02158273381294964	0.06954436450839328	0.026378896882494004	0.07434052757793765	0.06235011990407674	0.11270983213429256	0.011990407673860911	0.04316546762589928	0.026378896882494004	0.06235011990407674	0.0407673860911271	0.05515587529976019	0.05995203836930456	0.08393285371702638	0.004796163069544364	0.016786570743405275
Q890J4	0.13106796116504854	0.009708737864077669	0.06310679611650485	0.04854368932038835	0.021844660194174758	0.06553398058252427	0.021844660194174758	0.06796116504854369	0.03640776699029126	0.08737864077669903	0.021844660194174758	0.04611650485436893	0.03155339805825243	0.0703883495145631	0.050970873786407765	0.03640776699029126	0.06553398058252427	0.09466019417475728	0.0048543689320388345	0.024271844660194174
B8I6T0	0.08333333333333333	0.016203703703703703	0.0787037037037037	0.07407407407407407	0.027777777777777776	0.07407407407407407	0.016203703703703703	0.08564814814814815	0.08564814814814815	0.09490740740740741	0.03009259259259259	0.05092592592592592	0.023148148148148147	0.020833333333333332	0.034722222222222224	0.05555555555555555	0.041666666666666664	0.07407407407407407	0.006944444444444444	0.02546296296296296
Q1IZP1	0.176056338028169	0.004694835680751174	0.06338028169014084	0.0539906103286385	0.014084507042253521	0.06807511737089202	0.02112676056338028	0.051643192488262914	0.014084507042253521	0.11502347417840375	0.014084507042253521	0.03051643192488263	0.04929577464788732	0.028169014084507043	0.0892018779342723	0.035211267605633804	0.06103286384976526	0.10093896713615023	0.002347417840375587	0.007042253521126761
A7ZI02	0.12949640287769784	0.016786570743405275	0.06954436450839328	0.05755395683453238	0.011990407673860911	0.07434052757793765	0.016786570743405275	0.06474820143884892	0.045563549160671464	0.10311750599520383	0.02158273381294964	0.0407673860911271	0.02877697841726619	0.04316546762589928	0.05995203836930456	0.05275779376498801	0.050359712230215826	0.09112709832134293	0.002398081534772182	0.019184652278177457
B4SVW6	0.10817307692307693	0.016826923076923076	0.06009615384615385	0.0625	0.016826923076923076	0.07932692307692307	0.026442307692307692	0.057692307692307696	0.04326923076923077	0.11057692307692307	0.028846153846153848	0.040865384615384616	0.036057692307692304	0.038461538461538464	0.057692307692307696	0.05048076923076923	0.057692307692307696	0.09375	0.002403846153846154	0.01201923076923077
B4TZ91	0.11538461538461539	0.016826923076923076	0.06009615384615385	0.0625	0.016826923076923076	0.07692307692307693	0.026442307692307692	0.057692307692307696	0.04326923076923077	0.11057692307692307	0.028846153846153848	0.040865384615384616	0.036057692307692304	0.038461538461538464	0.057692307692307696	0.05048076923076923	0.052884615384615384	0.09375	0.002403846153846154	0.01201923076923077
B3EPD4	0.09112709832134293	0.007194244604316547	0.07194244604316546	0.05995203836930456	0.02877697841726619	0.05515587529976019	0.014388489208633094	0.0671462829736211	0.06235011990407674	0.11750599520383694	0.02158273381294964	0.04316546762589928	0.0407673860911271	0.026378896882494004	0.05755395683453238	0.07913669064748201	0.05515587529976019	0.07194244604316546	0.002398081534772182	0.026378896882494004
A9C1G5	0.13849765258215962	0.01643192488262911	0.04929577464788732	0.06807511737089202	0.014084507042253521	0.07981220657276995	0.023474178403755867	0.07042253521126761	0.03990610328638498	0.08685446009389672	0.03051643192488263	0.035211267605633804	0.03755868544600939	0.03286384976525822	0.06103286384976526	0.06338028169014084	0.03755868544600939	0.0892018779342723	0.002347417840375587	0.023474178403755867
Q5KYA2	0.1111111111111111	0.007246376811594203	0.043478260869565216	0.09178743961352658	0.01932367149758454	0.06280193236714976	0.01932367149758454	0.06280193236714976	0.028985507246376812	0.1111111111111111	0.01932367149758454	0.03864734299516908	0.033816425120772944	0.043478260869565216	0.0748792270531401	0.04589371980676329	0.07246376811594203	0.0821256038647343	0.007246376811594203	0.024154589371980676
A1VYR7	0.08292682926829269	0.024390243902439025	0.04878048780487805	0.07073170731707316	0.05121951219512195	0.04878048780487805	0.01951219512195122	0.11707317073170732	0.1024390243902439	0.1073170731707317	0.02195121951219512	0.07560975609756097	0.01951219512195122	0.02926829268292683	0.02926829268292683	0.06829268292682927	0.03170731707317073	0.02926829268292683	0.004878048780487805	0.01707317073170732
B0T315	0.19809069212410502	0.00954653937947494	0.050119331742243436	0.05489260143198091	0.016706443914081145	0.09069212410501193	0.021479713603818614	0.06682577565632458	0.026252983293556086	0.081145584725537	0.021479713603818614	0.02386634844868735	0.0477326968973747	0.021479713603818614	0.07159904534606205	0.0405727923627685	0.05250596658711217	0.09307875894988067	0.00477326968973747	0.007159904534606206
Q5F8D3	0.14285714285714285	0.007142857142857143	0.06904761904761905	0.06666666666666667	0.01904761904761905	0.08571428571428572	0.01904761904761905	0.06904761904761905	0.05238095238095238	0.09523809523809523	0.023809523809523808	0.02619047619047619	0.03333333333333333	0.02142857142857143	0.06428571428571428	0.047619047619047616	0.05476190476190476	0.07380952380952381	0.002380952380952381	0.02619047619047619
A2RJM8	0.09443099273607748	0.009685230024213076	0.06779661016949153	0.07506053268765134	0.0387409200968523	0.06295399515738499	0.01937046004842615	0.0774818401937046	0.06537530266343826	0.09685230024213075	0.024213075060532687	0.043583535108958835	0.024213075060532687	0.031476997578692496	0.04600484261501211	0.06779661016949153	0.06295399515738499	0.0774818401937046	0	0.014527845036319613
Q3Z6Z9	0.1509433962264151	0.009433962264150943	0.049528301886792456	0.0589622641509434	0.018867924528301886	0.06839622641509434	0.018867924528301886	0.08254716981132075	0.05660377358490566	0.09669811320754718	0.02358490566037736	0.049528301886792456	0.0330188679245283	0.0330188679245283	0.04009433962264151	0.0589622641509434	0.04481132075471698	0.07783018867924528	0.007075471698113208	0.02122641509433962
Q8XVT6	0.14788732394366197	0.011737089201877934	0.06572769953051644	0.06103286384976526	0.018779342723004695	0.08215962441314555	0.018779342723004695	0.07511737089201878	0.03286384976525822	0.08215962441314555	0.025821596244131457	0.03286384976525822	0.03286384976525822	0.023474178403755867	0.07981220657276995	0.03990610328638498	0.06338028169014084	0.07746478873239436	0.002347417840375587	0.025821596244131457
Q2P2G1	0.16908212560386474	0.012077294685990338	0.06280193236714976	0.06763285024154589	0.016908212560386472	0.06280193236714976	0.021739130434782608	0.057971014492753624	0.024154589371980676	0.1280193236714976	0.021739130434782608	0.024154589371980676	0.033816425120772944	0.03140096618357488	0.0893719806763285	0.043478260869565216	0.04106280193236715	0.07971014492753623	0	0.012077294685990338
B1IBA0	0.1261904761904762	0.004761904761904762	0.06190476190476191	0.07857142857142857	0.01904761904761905	0.06190476190476191	0.02619047619047619	0.06190476190476191	0.05476190476190476	0.0880952380952381	0.02857142857142857	0.03333333333333333	0.023809523809523808	0.04047619047619048	0.0380952380952381	0.06666666666666667	0.06190476190476191	0.09761904761904762	0	0.02619047619047619
B2SYN3	0.14893617021276595	0.01182033096926714	0.07092198581560284	0.06382978723404255	0.01182033096926714	0.08037825059101655	0.02127659574468085	0.05673758865248227	0.04491725768321513	0.1016548463356974	0.026004728132387706	0.030732860520094562	0.028368794326241134	0.026004728132387706	0.07565011820330969	0.04018912529550828	0.04964539007092199	0.0851063829787234	0.002364066193853428	0.02364066193853428
Q3JNN5	0.14893617021276595	0.009456264775413711	0.07565011820330969	0.061465721040189124	0.01182033096926714	0.08983451536643026	0.02364066193853428	0.06382978723404255	0.0425531914893617	0.09219858156028368	0.02364066193853428	0.028368794326241134	0.026004728132387706	0.014184397163120567	0.08037825059101655	0.0425531914893617	0.05200945626477541	0.08747044917257683	0.002364066193853428	0.02364066193853428
B0CFL0	0.14617169373549885	0.013921113689095127	0.060324825986078884	0.05104408352668213	0.02088167053364269	0.07192575406032482	0.02320185614849188	0.05336426914153132	0.04176334106728538	0.10208816705336426	0.01160092807424594	0.037122969837587005	0.03480278422273782	0.06728538283062645	0.03480278422273782	0.04408352668213457	0.06496519721577726	0.0951276102088167	0.002320185614849188	0.02320185614849188
A6LE74	0.08433734939759036	0.01927710843373494	0.05783132530120482	0.06987951807228916	0.03132530120481928	0.060240963855421686	0.024096385542168676	0.07951807228915662	0.04096385542168675	0.09397590361445783	0.016867469879518072	0.04096385542168675	0.04578313253012048	0.033734939759036145	0.06746987951807229	0.07228915662650602	0.060240963855421686	0.07228915662650602	0	0.02891566265060241
B1M695	0.19444444444444445	0.013888888888888888	0.06944444444444445	0.05787037037037037	0.018518518518518517	0.08333333333333333	0.02546296296296296	0.06018518518518518	0.013888888888888888	0.09027777777777778	0.020833333333333332	0.020833333333333332	0.034722222222222224	0.020833333333333332	0.09490740740740741	0.034722222222222224	0.05092592592592592	0.08333333333333333	0.0023148148148148147	0.009259259259259259
Q4K5F9	0.13064133016627077	0.011876484560570071	0.06413301662707839	0.06413301662707839	0.014251781472684086	0.07363420427553444	0.023752969121140142	0.07125890736342043	0.028503562945368172	0.09738717339667459	0.019002375296912115	0.0332541567695962	0.04275534441805225	0.026128266033254157	0.08076009501187649	0.0498812351543943	0.06175771971496437	0.08076009501187649	0.0023752969121140144	0.023752969121140142
P96489	0.12259615384615384	0.004807692307692308	0.06490384615384616	0.06490384615384616	0.03365384615384615	0.055288461538461536	0.01201923076923077	0.07932692307692307	0.06009615384615385	0.07211538461538461	0.026442307692307692	0.05048076923076923	0.02403846153846154	0.04807692307692308	0.04567307692307692	0.055288461538461536	0.06009615384615385	0.09375	0.002403846153846154	0.02403846153846154
Q2JDN7	0.17422434367541767	0.011933174224343675	0.06682577565632458	0.0477326968973747	0.00954653937947494	0.0883054892601432	0.02386634844868735	0.03341288782816229	0.014319809069212411	0.10501193317422435	0.026252983293556086	0.021479713603818614	0.03818615751789976	0.014319809069212411	0.07875894988066826	0.05250596658711217	0.059665871121718374	0.11933174224343675	0.007159904534606206	0.007159904534606206
B8F6K8	0.10336538461538461	0.014423076923076924	0.057692307692307696	0.06009615384615385	0.026442307692307692	0.06490384615384616	0.016826923076923076	0.07211538461538461	0.052884615384615384	0.1201923076923077	0.009615384615384616	0.036057692307692304	0.03125	0.07211538461538461	0.04567307692307692	0.05048076923076923	0.055288461538461536	0.08653846153846154	0.004807692307692308	0.019230769230769232
