B7JEU9	0.09005235602094241	0.0010471204188481676	0.05130890052356021	0.0774869109947644	0.039790575916230364	0.06282722513089005	0.03664921465968586	0.05445026178010471	0.05445026178010471	0.09319371727748692	0.015706806282722512	0.048167539267015703	0.049214659685863874	0.049214659685863874	0.04397905759162304	0.06282722513089005	0.05340314136125655	0.07329842931937172	0.011518324607329843	0.031413612565445025
P50136	0.09049773755656108	0.011312217194570135	0.04751131221719457	0.07013574660633484	0.042986425339366516	0.07239819004524888	0.027149321266968326	0.049773755656108594	0.038461538461538464	0.07013574660633484	0.024886877828054297	0.038461538461538464	0.05429864253393665	0.06787330316742081	0.083710407239819	0.06787330316742081	0.03167420814479638	0.04751131221719457	0.011312217194570135	0.05203619909502263
Q6GHZ2	0.11081081081081082	0	0.062162162162162166	0.08648648648648649	0.03513513513513514	0.06756756756756757	0.008108108108108109	0.06486486486486487	0.06486486486486487	0.07027027027027027	0.02702702702702703	0.04594594594594595	0.043243243243243246	0.06486486486486487	0.04594594594594595	0.03783783783783784	0.05675675675675676	0.05405405405405406	0.010810810810810811	0.043243243243243246
Q9VA02	0.08705114254624592	0.011969532100108813	0.041349292709466814	0.07834602829162132	0.04787812840043525	0.06637649619151251	0.036996735582154515	0.04570184983677911	0.04352557127312296	0.09684439608269858	0.020674646354733407	0.042437431991294884	0.04787812840043525	0.062023939064200215	0.05767138193688792	0.06420021762785637	0.041349292709466814	0.062023939064200215	0.013057671381936888	0.03264417845484222
Q68XA9	0.05521472392638037	0.012269938650306749	0.04294478527607362	0.09202453987730061	0.046012269938650305	0.0950920245398773	0.018404907975460124	0.0736196319018405	0.08282208588957055	0.06748466257668712	0.03374233128834356	0.03987730061349693	0.03067484662576687	0.027607361963190184	0.046012269938650305	0.06134969325153374	0.04294478527607362	0.06441717791411043	0.003067484662576687	0.06441717791411043
P0AFG5	0.08252947481243302	0.010718113612004287	0.055734190782422297	0.0707395498392283	0.04180064308681672	0.07181136120042872	0.03644158628081458	0.03536977491961415	0.04715969989281887	0.08896034297963558	0.02679528403001072	0.03858520900321544	0.04715969989281887	0.05787781350482315	0.06002143622722401	0.06109324758842444	0.04501607717041801	0.07395498392282958	0.015005359056806002	0.03322615219721329
P99063	0.09538461538461539	0	0.055384615384615386	0.09846153846153846	0.043076923076923075	0.09230769230769231	0.009230769230769232	0.07076923076923076	0.04923076923076923	0.07076923076923076	0.024615384615384615	0.03076923076923077	0.043076923076923075	0.04	0.046153846153846156	0.046153846153846156	0.052307692307692305	0.1076923076923077	0.003076923076923077	0.021538461538461538
A1TDK2	0.09654062751407884	0.004827031375703942	0.0667739340305712	0.06999195494770716	0.038616251005631534	0.08125502815768303	0.029766693483507644	0.05309734513274336	0.053901850362027354	0.083668543845535	0.02413515687851971	0.03459372485921158	0.05953338696701529	0.031375703942075624	0.06033789219629927	0.053901850362027354	0.05711987127916331	0.06436041834271923	0.009654062751407884	0.02654867256637168
P47515	0.08282208588957055	0.003067484662576687	0.03987730061349693	0.0705521472392638	0.05214723926380368	0.07975460122699386	0.009202453987730062	0.08282208588957055	0.05828220858895705	0.08282208588957055	0.024539877300613498	0.03987730061349693	0.049079754601226995	0.03987730061349693	0.046012269938650305	0.05828220858895705	0.05521472392638037	0.08282208588957055	0.006134969325153374	0.03680981595092025
P35738	0.10256410256410256	0.03333333333333333	0.04871794871794872	0.05641025641025641	0.05897435897435897	0.07948717948717948	0.017948717948717947	0.06923076923076923	0.04358974358974359	0.07435897435897436	0.010256410256410256	0.020512820512820513	0.05897435897435897	0.04871794871794872	0.05641025641025641	0.05384615384615385	0.04358974358974359	0.08205128205128205	0.010256410256410256	0.03076923076923077
Q2YY05	0.07188841201716738	0.001072961373390558	0.06437768240343347	0.07939914163090128	0.04291845493562232	0.060085836909871244	0.034334763948497854	0.06330472103004292	0.06545064377682404	0.08798283261802575	0.02467811158798283	0.059012875536480686	0.04935622317596566	0.0407725321888412	0.04291845493562232	0.05472103004291846	0.0536480686695279	0.060085836909871244	0.0075107296137339056	0.03648068669527897
C3LAU3	0.09005235602094241	0.0010471204188481676	0.050261780104712044	0.0774869109947644	0.039790575916230364	0.06387434554973823	0.03664921465968586	0.05445026178010471	0.05340314136125655	0.09319371727748692	0.015706806282722512	0.049214659685863874	0.048167539267015703	0.050261780104712044	0.04502617801047121	0.061780104712041886	0.05340314136125655	0.07329842931937172	0.011518324607329843	0.031413612565445025
A0PVU7	0.09854604200323101	0.006462035541195477	0.06058158319870759	0.06785137318255251	0.03877221324717286	0.07673667205169628	0.025848142164781908	0.05088852988691438	0.045234248788368334	0.08562197092084006	0.021809369951534735	0.036348949919224556	0.061389337641357025	0.04119547657512116	0.06623586429725363	0.05492730210016155	0.048465266558966075	0.07512116316639741	0.01050080775444265	0.027463651050080775
Q5SLR3	0.12345679012345678	0	0.06172839506172839	0.06172839506172839	0.027777777777777776	0.08024691358024691	0.021604938271604937	0.027777777777777776	0.046296296296296294	0.1111111111111111	0.033950617283950615	0.009259259259259259	0.06481481481481481	0.027777777777777776	0.06172839506172839	0.040123456790123455	0.04938271604938271	0.1111111111111111	0.0030864197530864196	0.037037037037037035
Q8FYF7	0.09860557768924302	0.0069721115537848604	0.06374501992031872	0.07569721115537849	0.04183266932270916	0.0796812749003984	0.029880478087649404	0.044820717131474105	0.06673306772908366	0.09163346613545817	0.026892430278884463	0.037848605577689244	0.045816733067729085	0.037848605577689244	0.060756972111553786	0.045816733067729085	0.035856573705179286	0.060756972111553786	0.014940239043824702	0.03386454183266932
Q6P3A8	0.1	0.035897435897435895	0.046153846153846156	0.05897435897435897	0.05897435897435897	0.08205128205128205	0.020512820512820513	0.06923076923076923	0.04358974358974359	0.07435897435897436	0.010256410256410256	0.020512820512820513	0.05897435897435897	0.046153846153846156	0.05384615384615385	0.05128205128205128	0.046153846153846156	0.07948717948717948	0.01282051282051282	0.03076923076923077
P0A0A2	0.09538461538461539	0	0.055384615384615386	0.09846153846153846	0.043076923076923075	0.09230769230769231	0.009230769230769232	0.07076923076923076	0.04923076923076923	0.07076923076923076	0.024615384615384615	0.03076923076923077	0.043076923076923075	0.04	0.046153846153846156	0.046153846153846156	0.052307692307692305	0.1076923076923077	0.003076923076923077	0.021538461538461538
Q81GF2	0.09109947643979058	0.0010471204188481676	0.05235602094240838	0.07539267015706806	0.0387434554973822	0.06387434554973823	0.03664921465968586	0.05235602094240838	0.05549738219895288	0.09109947643979058	0.016753926701570682	0.04712041884816754	0.048167539267015703	0.050261780104712044	0.04397905759162304	0.06282722513089005	0.05235602094240838	0.07643979057591622	0.011518324607329843	0.032460732984293195
P20967	0.0621301775147929	0.006903353057199211	0.05226824457593689	0.07001972386587771	0.04930966469428008	0.06903353057199212	0.03353057199211045	0.045364891518737675	0.06903353057199212	0.09664694280078895	0.011834319526627219	0.04043392504930966	0.05029585798816568	0.045364891518737675	0.048323471400394474	0.07889546351084813	0.0611439842209073	0.05917159763313609	0.016765285996055226	0.03353057199211045
P26284	0.10512820512820513	0.03076923076923077	0.04871794871794872	0.06923076923076923	0.03333333333333333	0.09230769230769231	0.023076923076923078	0.05128205128205128	0.05897435897435897	0.07692307692307693	0.035897435897435895	0.035897435897435895	0.038461538461538464	0.03076923076923077	0.07179487179487179	0.046153846153846156	0.041025641025641026	0.05897435897435897	0.005128205128205128	0.046153846153846156
P9WIS3	0.11716621253405994	0.01634877384196185	0.06267029972752043	0.0681198910081744	0.027247956403269755	0.07901907356948229	0.021798365122615803	0.02452316076294278	0.010899182561307902	0.08174386920980926	0.027247956403269755	0.013623978201634877	0.05994550408719346	0.05449591280653951	0.08446866485013624	0.0326975476839237	0.07901907356948229	0.08446866485013624	0.01907356948228883	0.035422343324250684
B9IU58	0.09005235602094241	0.0010471204188481676	0.050261780104712044	0.0774869109947644	0.039790575916230364	0.06387434554973823	0.03664921465968586	0.05445026178010471	0.05340314136125655	0.09319371727748692	0.016753926701570682	0.048167539267015703	0.04712041884816754	0.05130890052356021	0.04397905759162304	0.06282722513089005	0.05340314136125655	0.07329842931937172	0.011518324607329843	0.031413612565445025
P52900	0.0881542699724518	0.030303030303030304	0.05234159779614325	0.07988980716253444	0.030303030303030304	0.09366391184573003	0.02203856749311295	0.06060606060606061	0.06060606060606061	0.06887052341597796	0.03856749311294766	0.03856749311294766	0.04132231404958678	0.030303030303030304	0.06611570247933884	0.03581267217630854	0.046831955922865015	0.05234159779614325	0.005509641873278237	0.05785123966942149
Q820A6	0.11351351351351352	0	0.062162162162162166	0.08648648648648649	0.03513513513513514	0.06756756756756757	0.008108108108108109	0.06486486486486487	0.06486486486486487	0.07027027027027027	0.02702702702702703	0.04594594594594595	0.043243243243243246	0.06486486486486487	0.04594594594594595	0.03783783783783784	0.05405405405405406	0.05405405405405406	0.010810810810810811	0.043243243243243246
Q54VG0	0.05444444444444444	0.012222222222222223	0.04666666666666667	0.06444444444444444	0.05333333333333334	0.058888888888888886	0.024444444444444446	0.07555555555555556	0.06	0.07888888888888888	0.016666666666666666	0.06444444444444444	0.04	0.07	0.04666666666666667	0.09222222222222222	0.04111111111111111	0.06	0.01	0.03
Q5R7H0	0.06637649619151251	0.014145810663764961	0.042437431991294884	0.06746463547334058	0.04787812840043525	0.07616974972796518	0.041349292709466814	0.041349292709466814	0.046789989118607184	0.10663764961915125	0.029379760609358	0.030467899891186073	0.060935799782372145	0.055495103373231776	0.055495103373231776	0.06637649619151251	0.05005440696409141	0.06420021762785637	0.01088139281828074	0.026115342763873776
P29803	0.09020618556701031	0.03350515463917526	0.04381443298969072	0.06701030927835051	0.030927835051546393	0.09536082474226804	0.023195876288659795	0.05412371134020619	0.059278350515463915	0.08247422680412371	0.030927835051546393	0.03608247422680412	0.03350515463917526	0.028350515463917526	0.07216494845360824	0.061855670103092786	0.04639175257731959	0.059278350515463915	0.005154639175257732	0.04639175257731959
P52903	0.10997442455242967	0.017902813299232736	0.056265984654731455	0.06905370843989769	0.03836317135549872	0.08439897698209718	0.028132992327365727	0.05370843989769821	0.0639386189258312	0.06905370843989769	0.04092071611253197	0.02557544757033248	0.04092071611253197	0.020460358056265986	0.0639386189258312	0.058823529411764705	0.056265984654731455	0.05370843989769821	0.005115089514066497	0.043478260869565216
Q5HQ76	0.10270270270270271	0	0.05945945945945946	0.0918918918918919	0.03513513513513514	0.07027027027027027	0.008108108108108109	0.062162162162162166	0.05945945945945946	0.07297297297297298	0.024324324324324326	0.04054054054054054	0.043243243243243246	0.06486486486486487	0.04594594594594595	0.04864864864864865	0.05675675675675676	0.05945945945945946	0.010810810810810811	0.043243243243243246
Q73WX4	0.09943865276663993	0.0048115477145148355	0.06415396952686447	0.06575781876503609	0.03769045709703288	0.0817963111467522	0.0272654370489174	0.0545308740978348	0.04570970328789094	0.09222133119486768	0.02165196471531676	0.03528468323977546	0.061748195669607056	0.03929430633520449	0.06094627105052125	0.0545308740978348	0.05052125100240577	0.06575781876503609	0.010425020048115477	0.026463512429831595
Q7U0A6	0.0982940698619009	0.00487408610885459	0.06173842404549147	0.06823720552396426	0.038180341186027617	0.07879772542648253	0.02761982128350934	0.0479285134037368	0.04467912266450041	0.0958570268074736	0.020308692120227456	0.03330625507717303	0.054427294882209584	0.03736799350121852	0.06661251015434606	0.05848903330625508	0.048740861088545896	0.07554833468724614	0.010560519902518278	0.02843216896831844
Q6ABX8	0.13353115727002968	0	0.04451038575667656	0.07418397626112759	0.03560830860534125	0.08011869436201781	0.02373887240356083	0.05341246290801187	0.020771513353115726	0.08605341246290801	0.02373887240356083	0.011869436201780416	0.0830860534124629	0.02967359050445104	0.06231454005934718	0.05341246290801187	0.03560830860534125	0.11572700296735905	0.008902077151335312	0.02373887240356083
A8FE66	0.06567796610169492	0.001059322033898305	0.05190677966101695	0.09957627118644068	0.04343220338983051	0.0614406779661017	0.029661016949152543	0.06779661016949153	0.06567796610169492	0.08792372881355932	0.012711864406779662	0.0413135593220339	0.04766949152542373	0.04766949152542373	0.05084745762711865	0.06991525423728813	0.04766949152542373	0.06779661016949153	0.011652542372881356	0.028601694915254237
P9WIS8	0.1053763440860215	0.004301075268817204	0.06344086021505377	0.06451612903225806	0.03978494623655914	0.09032258064516129	0.02903225806451613	0.046236559139784944	0.026881720430107527	0.07634408602150537	0.021505376344086023	0.035483870967741936	0.06344086021505377	0.035483870967741936	0.07526881720430108	0.043010752688172046	0.054838709677419356	0.06344086021505377	0.01827956989247312	0.043010752688172046
C5D802	0.08508403361344538	0.005252100840336135	0.04831932773109244	0.09243697478991597	0.04936974789915966	0.05777310924369748	0.03466386554621849	0.06197478991596639	0.058823529411764705	0.08718487394957983	0.02415966386554622	0.04201680672268908	0.05042016806722689	0.0430672268907563	0.059873949579831935	0.04831932773109244	0.04411764705882353	0.06302521008403361	0.011554621848739496	0.032563025210084036
Q5L172	0.09263157894736843	0.004210526315789474	0.049473684210526316	0.0863157894736842	0.04105263157894737	0.061052631578947365	0.034736842105263156	0.056842105263157895	0.049473684210526316	0.09263157894736843	0.023157894736842106	0.037894736842105266	0.05473684210526316	0.042105263157894736	0.06210526315789474	0.04105263157894737	0.045263157894736845	0.07578947368421053	0.01263157894736842	0.03684210526315789
Q4MTG0	0.11859838274932614	0	0.04582210242587601	0.0862533692722372	0.0431266846361186	0.07277628032345014	0.01078167115902965	0.05929919137466307	0.07008086253369272	0.07008086253369272	0.03773584905660377	0.03773584905660377	0.0431266846361186	0.0673854447439353	0.04582210242587601	0.03234501347708895	0.05121293800539083	0.05929919137466307	0.008086253369272238	0.04043126684636118
Q06437	0.08184143222506395	0.030690537084398978	0.04092071611253197	0.061381074168797956	0.030690537084398978	0.08951406649616368	0.02557544757033248	0.04603580562659847	0.07161125319693094	0.09462915601023018	0.03580562659846547	0.043478260869565216	0.03836317135549872	0.03836317135549872	0.056265984654731455	0.0639386189258312	0.04092071611253197	0.058823529411764705	0.005115089514066497	0.04603580562659847
Q8NRC3	0.09254709254709255	0.002457002457002457	0.05896805896805897	0.0728910728910729	0.03931203931203931	0.08271908271908272	0.025389025389025387	0.04832104832104832	0.054873054873054876	0.08026208026208026	0.028665028665028666	0.03931203931203931	0.056511056511056514	0.04504504504504504	0.05405405405405406	0.055692055692055695	0.05814905814905815	0.06797706797706797	0.010647010647010647	0.02620802620802621
P23129	0.07097457627118645	0.00423728813559322	0.05190677966101695	0.09216101694915255	0.0423728813559322	0.0646186440677966	0.028601694915254237	0.06038135593220339	0.0646186440677966	0.08898305084745763	0.012711864406779662	0.04343220338983051	0.04766949152542373	0.04025423728813559	0.05190677966101695	0.07733050847457627	0.04766949152542373	0.0646186440677966	0.011652542372881356	0.03389830508474576
Q4L6C4	0.06638115631691649	0	0.06852248394004283	0.08458244111349036	0.04068522483940043	0.06316916488222699	0.03747323340471092	0.06316916488222699	0.06852248394004283	0.08244111349036402	0.029978586723768737	0.06316916488222699	0.046038543897216275	0.032119914346895075	0.042826552462526764	0.061027837259100645	0.04925053533190578	0.061027837259100645	0.007494646680942184	0.032119914346895075
P9WIS2	0.11716621253405994	0.01634877384196185	0.06267029972752043	0.0681198910081744	0.027247956403269755	0.07901907356948229	0.021798365122615803	0.02452316076294278	0.010899182561307902	0.08174386920980926	0.027247956403269755	0.013623978201634877	0.05994550408719346	0.05449591280653951	0.08446866485013624	0.0326975476839237	0.07901907356948229	0.08446866485013624	0.01907356948228883	0.035422343324250684
A6WXF0	0.0999000999000999	0.006993006993006993	0.061938061938061936	0.07592407592407592	0.04195804195804196	0.07792207792207792	0.028971028971028972	0.04895104895104895	0.06593406593406594	0.08791208791208792	0.028971028971028972	0.03996003996003996	0.04295704295704296	0.03796203796203796	0.059940059940059943	0.04895104895104895	0.03796203796203796	0.056943056943056944	0.015984015984015984	0.03396603396603397
A5VSQ0	0.09860557768924302	0.00796812749003984	0.06274900398406374	0.07569721115537849	0.04183266932270916	0.08067729083665338	0.029880478087649404	0.044820717131474105	0.06573705179282868	0.09163346613545817	0.027888446215139442	0.037848605577689244	0.045816733067729085	0.037848605577689244	0.05976095617529881	0.045816733067729085	0.035856573705179286	0.060756972111553786	0.014940239043824702	0.03386454183266932
Q32RS0	0.06097560975609756	0.01524390243902439	0.039634146341463415	0.07317073170731707	0.03048780487804878	0.08841463414634146	0.024390243902439025	0.07621951219512195	0.042682926829268296	0.11280487804878049	0.039634146341463415	0.042682926829268296	0.051829268292682924	0.036585365853658534	0.039634146341463415	0.06097560975609756	0.057926829268292686	0.07317073170731707	0	0.03353658536585366
P11177	0.10584958217270195	0.016713091922005572	0.04178272980501393	0.06963788300835655	0.04178272980501393	0.08356545961002786	0.019498607242339833	0.07242339832869081	0.052924791086350974	0.06128133704735376	0.03899721448467967	0.036211699164345405	0.06128133704735376	0.033426183844011144	0.05013927576601671	0.05013927576601671	0.036211699164345405	0.09192200557103064	0.013927576601671309	0.022284122562674095
Q8K9N3	0.03466955579631636	0.009750812567713976	0.03683640303358613	0.07258938244853738	0.0552546045503792	0.04658721560130011	0.02600216684723727	0.1094257854821235	0.10725893824485373	0.09317443120260022	0.00866738894907909	0.08559046587215602	0.028169014084507043	0.04550379198266522	0.0314192849404117	0.07042253521126761	0.03466955579631636	0.04658721560130011	0.010834236186348862	0.04658721560130011
P0AFG4	0.08252947481243302	0.010718113612004287	0.055734190782422297	0.0707395498392283	0.04180064308681672	0.07181136120042872	0.03644158628081458	0.03536977491961415	0.04715969989281887	0.08896034297963558	0.02679528403001072	0.03858520900321544	0.04715969989281887	0.05787781350482315	0.06002143622722401	0.06109324758842444	0.04501607717041801	0.07395498392282958	0.015005359056806002	0.03322615219721329
Q5HGZ0	0.09538461538461539	0	0.055384615384615386	0.09846153846153846	0.043076923076923075	0.09538461538461539	0.009230769230769232	0.07076923076923076	0.04923076923076923	0.07076923076923076	0.024615384615384615	0.03076923076923077	0.043076923076923075	0.04	0.046153846153846156	0.043076923076923075	0.052307692307692305	0.1076923076923077	0.003076923076923077	0.021538461538461538
Q2FH25	0.07510729613733906	0.001072961373390558	0.06652360515021459	0.07939914163090128	0.04291845493562232	0.059012875536480686	0.03540772532188841	0.06330472103004292	0.06437768240343347	0.08798283261802575	0.02467811158798283	0.05686695278969957	0.04935622317596566	0.0407725321888412	0.04291845493562232	0.0536480686695279	0.05257510729613734	0.060085836909871244	0.0075107296137339056	0.03648068669527897
A8Z3Z0	0.07510729613733906	0.001072961373390558	0.06652360515021459	0.07939914163090128	0.04291845493562232	0.059012875536480686	0.03540772532188841	0.06330472103004292	0.06437768240343347	0.08798283261802575	0.02467811158798283	0.05686695278969957	0.04935622317596566	0.0407725321888412	0.04291845493562232	0.0536480686695279	0.05257510729613734	0.060085836909871244	0.0075107296137339056	0.03648068669527897
P0A0A3	0.09538461538461539	0	0.055384615384615386	0.09846153846153846	0.043076923076923075	0.09230769230769231	0.009230769230769232	0.07076923076923076	0.04923076923076923	0.07076923076923076	0.024615384615384615	0.03076923076923077	0.043076923076923075	0.04	0.046153846153846156	0.046153846153846156	0.052307692307692305	0.1076923076923077	0.003076923076923077	0.021538461538461538
Q38799	0.13774104683195593	0.013774104683195593	0.04132231404958678	0.07988980716253444	0.03856749311294766	0.07713498622589532	0.008264462809917356	0.06611570247933884	0.049586776859504134	0.07162534435261708	0.024793388429752067	0.027548209366391185	0.049586776859504134	0.024793388429752067	0.06060606060606061	0.07162534435261708	0.03581267217630854	0.07988980716253444	0.0027548209366391185	0.03856749311294766
Q9LDY2	0.08100558659217877	0.025139664804469275	0.03910614525139665	0.07541899441340782	0.061452513966480445	0.09217877094972067	0.019553072625698324	0.0670391061452514	0.030726256983240222	0.07541899441340782	0.0223463687150838	0.0335195530726257	0.05865921787709497	0.025139664804469275	0.06424581005586592	0.06424581005586592	0.0446927374301676	0.08100558659217877	0.008379888268156424	0.030726256983240222
Q60597	0.07038123167155426	0.020527859237536656	0.05474095796676442	0.06647116324535679	0.05083088954056696	0.053763440860215055	0.03714565004887586	0.047898338220918865	0.04985337243401759	0.09188660801564028	0.02737047898338221	0.042033235581622676	0.05865102639296188	0.0469208211143695	0.059628543499511244	0.056695992179863146	0.053763440860215055	0.06744868035190615	0.013685239491691105	0.030303030303030304
P52902	0.08816120906801007	0.020151133501259445	0.06297229219143577	0.055415617128463476	0.042821158690176324	0.0906801007556675	0.02518891687657431	0.037783375314861464	0.06297229219143577	0.08816120906801007	0.030226700251889168	0.030226700251889168	0.042821158690176324	0.017632241813602016	0.060453400503778336	0.08564231738035265	0.060453400503778336	0.05289672544080604	0.005037783375314861	0.04030226700251889
P10801	0.17777777777777778	0.022222222222222223	0.13333333333333333	0.08888888888888889	0.022222222222222223	0.044444444444444446	0	0.06666666666666667	0.06666666666666667	0.08888888888888889	0	0.022222222222222223	0.044444444444444446	0	0.06666666666666667	0	0	0.1111111111111111	0.022222222222222223	0.022222222222222223
Q5XI78	0.07135874877810362	0.020527859237536656	0.05571847507331378	0.06549364613880743	0.04985337243401759	0.053763440860215055	0.03616813294232649	0.04887585532746823	0.04887585532746823	0.09188660801564028	0.02737047898338221	0.042033235581622676	0.05865102639296188	0.0469208211143695	0.059628543499511244	0.05767350928641251	0.05474095796676442	0.06647116324535679	0.013685239491691105	0.030303030303030304
Q86HX0	0.10955056179775281	0.008426966292134831	0.05056179775280899	0.0702247191011236	0.033707865168539325	0.07303370786516854	0.014044943820224719	0.0898876404494382	0.06179775280898876	0.06179775280898876	0.03089887640449438	0.05056179775280899	0.042134831460674156	0.03089887640449438	0.0449438202247191	0.056179775280898875	0.05056179775280899	0.07584269662921349	0.011235955056179775	0.033707865168539325
C0RFG8	0.099601593625498	0.0069721115537848604	0.06374501992031872	0.07569721115537849	0.04183266932270916	0.07868525896414343	0.029880478087649404	0.044820717131474105	0.06673306772908366	0.09163346613545817	0.026892430278884463	0.037848605577689244	0.045816733067729085	0.037848605577689244	0.060756972111553786	0.045816733067729085	0.035856573705179286	0.060756972111553786	0.014940239043824702	0.03386454183266932
P75391	0.09480122324159021	0.0061162079510703364	0.03669724770642202	0.0672782874617737	0.04892966360856269	0.09174311926605505	0.012232415902140673	0.07951070336391437	0.05504587155963303	0.08256880733944955	0.027522935779816515	0.04281345565749235	0.05198776758409786	0.03669724770642202	0.045871559633027525	0.04281345565749235	0.0581039755351682	0.07339449541284404	0.009174311926605505	0.03669724770642202
Q9MUR4	0.06116207951070336	0.009174311926605505	0.04281345565749235	0.07033639143730887	0.03363914373088685	0.07951070336391437	0.021406727828746176	0.08868501529051988	0.04892966360856269	0.10091743119266056	0.039755351681957186	0.05504587155963303	0.045871559633027525	0.03669724770642202	0.03058103975535168	0.0672782874617737	0.045871559633027525	0.08256880733944955	0	0.039755351681957186
Q59106	0.1	0.007368421052631579	0.056842105263157895	0.06526315789473684	0.04421052631578947	0.07157894736842105	0.03263157894736842	0.037894736842105266	0.056842105263157895	0.08210526315789474	0.02736842105263158	0.04	0.05263157894736842	0.04842105263157895	0.05473684210526316	0.049473684210526316	0.04631578947368421	0.08	0.01263157894736842	0.03368421052631579
P37941	0.12232415902140673	0.009174311926605505	0.0672782874617737	0.08256880733944955	0.03669724770642202	0.07339449541284404	0.01834862385321101	0.07339449541284404	0.0581039755351682	0.0672782874617737	0.045871559633027525	0.01834862385321101	0.05504587155963303	0.01834862385321101	0.04892966360856269	0.045871559633027525	0.03058103975535168	0.0856269113149847	0.0030581039755351682	0.039755351681957186
Q84JL2	0.08050847457627118	0.01059322033898305	0.05296610169491525	0.059322033898305086	0.0423728813559322	0.057203389830508475	0.02754237288135593	0.057203389830508475	0.036016949152542374	0.07415254237288135	0.025423728813559324	0.05508474576271186	0.048728813559322036	0.048728813559322036	0.06991525423728813	0.08686440677966102	0.05296610169491525	0.0635593220338983	0.014830508474576272	0.036016949152542374
A9M8Q9	0.099601593625498	0.0069721115537848604	0.06374501992031872	0.07569721115537849	0.04183266932270916	0.0796812749003984	0.029880478087649404	0.044820717131474105	0.06673306772908366	0.09163346613545817	0.026892430278884463	0.037848605577689244	0.045816733067729085	0.037848605577689244	0.060756972111553786	0.045816733067729085	0.0348605577689243	0.060756972111553786	0.014940239043824702	0.03386454183266932
Q6GAC1	0.11351351351351352	0	0.062162162162162166	0.08648648648648649	0.03513513513513514	0.06756756756756757	0.008108108108108109	0.06486486486486487	0.06486486486486487	0.07027027027027027	0.02702702702702703	0.04594594594594595	0.043243243243243246	0.06486486486486487	0.04594594594594595	0.03783783783783784	0.05405405405405406	0.05405405405405406	0.010810810810810811	0.043243243243243246
Q4UKQ7	0.10429447852760736	0.012269938650306749	0.05828220858895705	0.0736196319018405	0.05214723926380368	0.06441717791411043	0.018404907975460124	0.07975460122699386	0.05214723926380368	0.06748466257668712	0.027607361963190184	0.03374233128834356	0.049079754601226995	0.03680981595092025	0.03374233128834356	0.05214723926380368	0.046012269938650305	0.10122699386503067	0.003067484662576687	0.03374233128834356
A6QGW6	0.07510729613733906	0.001072961373390558	0.06652360515021459	0.07939914163090128	0.04291845493562232	0.059012875536480686	0.03540772532188841	0.06330472103004292	0.06437768240343347	0.08798283261802575	0.02467811158798283	0.05686695278969957	0.04935622317596566	0.0407725321888412	0.04291845493562232	0.0536480686695279	0.05257510729613734	0.060085836909871244	0.0075107296137339056	0.03648068669527897
Q32RM2	0.06769230769230769	0.018461538461538463	0.043076923076923075	0.07692307692307693	0.033846153846153845	0.08923076923076922	0.021538461538461538	0.07076923076923076	0.033846153846153845	0.11076923076923077	0.04	0.04	0.04923076923076923	0.04	0.046153846153846156	0.052307692307692305	0.04923076923076923	0.07692307692307693	0	0.04
Q63EB1	0.09109947643979058	0.0010471204188481676	0.050261780104712044	0.0774869109947644	0.039790575916230364	0.06387434554973823	0.03664921465968586	0.05445026178010471	0.05340314136125655	0.09319371727748692	0.015706806282722512	0.048167539267015703	0.048167539267015703	0.050261780104712044	0.04502617801047121	0.061780104712041886	0.05340314136125655	0.07329842931937172	0.011518324607329843	0.031413612565445025
P21882	0.08923076923076922	0	0.06153846153846154	0.08923076923076922	0.043076923076923075	0.08615384615384615	0.015384615384615385	0.06153846153846154	0.04	0.08615384615384615	0.027692307692307693	0.024615384615384615	0.046153846153846156	0.036923076923076927	0.055384615384615386	0.055384615384615386	0.052307692307692305	0.10461538461538461	0.006153846153846154	0.018461538461538463
Q5HPC6	0.061027837259100645	0	0.06423982869379015	0.0835117773019272	0.0417558886509636	0.06423982869379015	0.03747323340471092	0.06638115631691649	0.0728051391862955	0.08565310492505353	0.02676659528907923	0.058886509635974305	0.048179871520342615	0.035331905781584586	0.03961456102783726	0.06209850107066381	0.05139186295503212	0.057815845824411134	0.007494646680942184	0.035331905781584586
Q623T0	0.06815968841285297	0.016553067185978577	0.054527750730282376	0.06621226874391431	0.04089581304771178	0.06329113924050633	0.0311587147030185	0.05160662122687439	0.05258033106134372	0.08568646543330087	0.021421616358325218	0.043816942551119765	0.054527750730282376	0.05258033106134372	0.05744888023369036	0.07789678675754626	0.045764362220058426	0.07108081791626096	0.012658227848101266	0.03213242453748783
Q0J0H4	0.1595744680851064	0.007978723404255319	0.04521276595744681	0.07180851063829788	0.02925531914893617	0.07446808510638298	0.010638297872340425	0.061170212765957445	0.03723404255319149	0.07446808510638298	0.034574468085106384	0.026595744680851064	0.05585106382978723	0.02925531914893617	0.061170212765957445	0.06648936170212766	0.031914893617021274	0.0797872340425532	0.0026595744680851063	0.0398936170212766
O61199	0.07191448007774538	0.01652089407191448	0.05539358600583091	0.06608357628765792	0.04178814382896016	0.062196307094266275	0.03206997084548105	0.04956268221574344	0.05344995140913508	0.08649173955296405	0.021379980563654033	0.04178814382896016	0.05150631681243926	0.05539358600583091	0.057337220602526724	0.07774538386783285	0.0456754130223518	0.07094266277939747	0.012633624878522837	0.03012633624878523
P9WIS0	0.10632183908045977	0.014367816091954023	0.07183908045977011	0.05747126436781609	0.034482758620689655	0.07758620689655173	0.02586206896551724	0.04310344827586207	0.011494252873563218	0.08333333333333333	0.02586206896551724	0.005747126436781609	0.07183908045977011	0.031609195402298854	0.08045977011494253	0.05459770114942529	0.06321839080459771	0.09770114942528736	0.011494252873563218	0.031609195402298854
Q2QM55	0.12276214833759591	0.020460358056265986	0.03580562659846547	0.06905370843989769	0.02557544757033248	0.08695652173913043	0.02557544757033248	0.058823529411764705	0.04092071611253197	0.08184143222506395	0.03836317135549872	0.028132992327365727	0.04603580562659847	0.03324808184143223	0.056265984654731455	0.0639386189258312	0.043478260869565216	0.08439897698209718	0.0025575447570332483	0.03580562659846547
Q55FN7	0.07567567567567568	0.016216216216216217	0.03783783783783784	0.07027027027027027	0.051351351351351354	0.0972972972972973	0.021621621621621623	0.08378378378378379	0.062162162162162166	0.06486486486486487	0.021621621621621623	0.03513513513513514	0.05675675675675676	0.03783783783783784	0.04594594594594595	0.05945945945945946	0.043243243243243246	0.07567567567567568	0.008108108108108109	0.03513513513513514
Q9R9N5	0.10632183908045977	0.008620689655172414	0.06609195402298851	0.06321839080459771	0.03735632183908046	0.11206896551724138	0.02586206896551724	0.04310344827586207	0.06609195402298851	0.06321839080459771	0.04310344827586207	0.020114942528735632	0.02586206896551724	0.040229885057471264	0.06321839080459771	0.07183908045977011	0.031609195402298854	0.06321839080459771	0.005747126436781609	0.04310344827586207
Q8HXW9	0.09487179487179487	0.03076923076923077	0.05128205128205128	0.07179487179487179	0.03333333333333333	0.08974358974358974	0.020512820512820513	0.05128205128205128	0.05897435897435897	0.07948717948717948	0.03333333333333333	0.03076923076923077	0.038461538461538464	0.03076923076923077	0.07435897435897436	0.05384615384615385	0.046153846153846156	0.05897435897435897	0.005128205128205128	0.046153846153846156
P08559	0.09487179487179487	0.03076923076923077	0.04871794871794872	0.07179487179487179	0.03333333333333333	0.09230769230769231	0.020512820512820513	0.05128205128205128	0.05897435897435897	0.07948717948717948	0.035897435897435895	0.03333333333333333	0.038461538461538464	0.03076923076923077	0.07179487179487179	0.05384615384615385	0.04358974358974359	0.05897435897435897	0.005128205128205128	0.046153846153846156
Q5HG06	0.07510729613733906	0.001072961373390558	0.06652360515021459	0.07939914163090128	0.04291845493562232	0.059012875536480686	0.03540772532188841	0.06330472103004292	0.06437768240343347	0.08798283261802575	0.02467811158798283	0.05686695278969957	0.04935622317596566	0.0407725321888412	0.04291845493562232	0.0536480686695279	0.05257510729613734	0.060085836909871244	0.0075107296137339056	0.03648068669527897
P26269	0.10249307479224377	0.027700831024930747	0.0664819944598338	0.04709141274238227	0.0332409972299169	0.08033240997229917	0.019390581717451522	0.060941828254847646	0.04986149584487535	0.07756232686980609	0.0332409972299169	0.036011080332409975	0.05263157894736842	0.036011080332409975	0.04986149584487535	0.055401662049861494	0.036011080332409975	0.10249307479224377	0.0110803324099723	0.0221606648199446
Q148N0	0.07135874877810362	0.019550342130987292	0.056695992179863146	0.0635386119257087	0.04887585532746823	0.05865102639296188	0.03519061583577713	0.047898338220918865	0.047898338220918865	0.09286412512218964	0.02346041055718475	0.04105571847507331	0.06060606060606061	0.04594330400782014	0.059628543499511244	0.05767350928641251	0.053763440860215055	0.07038123167155426	0.013685239491691105	0.03128054740957967
Q1RJX3	0.1076923076923077	0.012307692307692308	0.05846153846153846	0.07076923076923076	0.046153846153846156	0.06769230769230769	0.015384615384615385	0.09230769230769231	0.05846153846153846	0.06461538461538462	0.03076923076923077	0.036923076923076927	0.046153846153846156	0.033846153846153845	0.033846153846153845	0.043076923076923075	0.04	0.09846153846153846	0.003076923076923077	0.04
Q5HQ75	0.09846153846153846	0	0.055384615384615386	0.09846153846153846	0.04	0.08923076923076922	0.009230769230769232	0.06461538461538462	0.052307692307692305	0.08307692307692308	0.018461538461538463	0.024615384615384615	0.046153846153846156	0.046153846153846156	0.046153846153846156	0.046153846153846156	0.04923076923076923	0.10461538461538461	0.003076923076923077	0.024615384615384615
Q6GAC0	0.09538461538461539	0	0.055384615384615386	0.09846153846153846	0.043076923076923075	0.09230769230769231	0.009230769230769232	0.07076923076923076	0.04923076923076923	0.07076923076923076	0.024615384615384615	0.03076923076923077	0.043076923076923075	0.04	0.046153846153846156	0.046153846153846156	0.052307692307692305	0.1076923076923077	0.003076923076923077	0.021538461538461538
Q8HXY4	0.10112359550561797	0.011235955056179775	0.04943820224719101	0.060674157303370786	0.04044943820224719	0.0696629213483146	0.03146067415730337	0.051685393258426963	0.0449438202247191	0.07191011235955057	0.02696629213483146	0.04044943820224719	0.05393258426966292	0.06292134831460675	0.07640449438202247	0.06292134831460675	0.03146067415730337	0.04719101123595506	0.01348314606741573	0.051685393258426963
P0A0A1	0.09538461538461539	0	0.055384615384615386	0.09846153846153846	0.043076923076923075	0.09230769230769231	0.009230769230769232	0.07076923076923076	0.04923076923076923	0.07076923076923076	0.024615384615384615	0.03076923076923077	0.043076923076923075	0.04	0.046153846153846156	0.046153846153846156	0.052307692307692305	0.1076923076923077	0.003076923076923077	0.021538461538461538
P12694	0.10112359550561797	0.011235955056179775	0.051685393258426963	0.060674157303370786	0.04044943820224719	0.0696629213483146	0.029213483146067417	0.051685393258426963	0.04044943820224719	0.07415730337078652	0.02696629213483146	0.04044943820224719	0.05393258426966292	0.0651685393258427	0.07865168539325842	0.06292134831460675	0.03146067415730337	0.04719101123595506	0.011235955056179775	0.051685393258426963
Q5RCB8	0.07135874877810362	0.020527859237536656	0.05571847507331378	0.0635386119257087	0.04887585532746823	0.056695992179863146	0.03616813294232649	0.04985337243401759	0.04887585532746823	0.09188660801564028	0.024437927663734114	0.04105571847507331	0.05865102639296188	0.0469208211143695	0.059628543499511244	0.06060606060606061	0.05180840664711633	0.06940371456500488	0.013685239491691105	0.030303030303030304
A7X295	0.07510729613733906	0.001072961373390558	0.06545064377682404	0.08047210300429185	0.04291845493562232	0.059012875536480686	0.03540772532188841	0.06330472103004292	0.06437768240343347	0.08798283261802575	0.02467811158798283	0.05686695278969957	0.04935622317596566	0.0407725321888412	0.04291845493562232	0.0536480686695279	0.05257510729613734	0.060085836909871244	0.0075107296137339056	0.03648068669527897
O45924	0.0951276102088167	0.0069605568445475635	0.06496519721577726	0.06960556844547564	0.03944315545243619	0.06728538283062645	0.030162412993039442	0.03944315545243619	0.058004640371229696	0.07192575406032482	0.030162412993039442	0.04408352668213457	0.03480278422273782	0.04176334106728538	0.06960556844547564	0.05568445475638051	0.06496519721577726	0.05104408352668213	0.01160092807424594	0.05336426914153132
P86231	0.07222222222222222	0.011111111111111112	0.05	0.044444444444444446	0.07777777777777778	0.044444444444444446	0.044444444444444446	0.027777777777777776	0.05	0.11666666666666667	0.016666666666666666	0.022222222222222223	0.06111111111111111	0.027777777777777776	0.10555555555555556	0.06111111111111111	0.07222222222222222	0.03888888888888889	0.011111111111111112	0.044444444444444446
Q68XI7	0.08038585209003216	0.00964630225080386	0.04608788853161844	0.07502679528403002	0.04287245444801715	0.055734190782422297	0.02465166130760986	0.07395498392282958	0.08252947481243302	0.09967845659163987	0.015005359056806002	0.0707395498392283	0.030010718113612004	0.03644158628081458	0.03644158628081458	0.06216505894962487	0.04930332261521972	0.05894962486602358	0.00964630225080386	0.04072883172561629
P26267	0.09595959595959595	0.020202020202020204	0.050505050505050504	0.06060606060606061	0.027777777777777776	0.08838383838383838	0.020202020202020204	0.04292929292929293	0.0707070707070707	0.05555555555555555	0.04292929292929293	0.03282828282828283	0.030303030303030304	0.03282828282828283	0.045454545454545456	0.05303030303030303	0.07828282828282829	0.08333333333333333	0.012626262626262626	0.05555555555555555
Q6G9E8	0.07510729613733906	0.001072961373390558	0.06652360515021459	0.07939914163090128	0.04291845493562232	0.059012875536480686	0.03540772532188841	0.06330472103004292	0.06437768240343347	0.08798283261802575	0.02467811158798283	0.05686695278969957	0.04935622317596566	0.0407725321888412	0.04291845493562232	0.0536480686695279	0.05257510729613734	0.060085836909871244	0.0075107296137339056	0.03648068669527897
