P01714	0.08035714285714286	0.026785714285714284	0.05357142857142857	0.026785714285714284	0.008928571428571428	0.08035714285714286	0	0.044642857142857144	0.017857142857142856	0.08928571428571429	0.008928571428571428	0.03571428571428571	0.05357142857142857	0.0625	0.044642857142857144	0.14285714285714285	0.08035714285714286	0.0625	0.026785714285714284	0.05357142857142857
P19020	0.07174887892376682	0.04035874439461883	0.02242152466367713	0.02466367713004484	0.04035874439461883	0.053811659192825115	0.026905829596412557	0.05605381165919283	0.02242152466367713	0.11434977578475336	0.02242152466367713	0.03587443946188341	0.05829596412556054	0.04708520179372197	0.06726457399103139	0.08520179372197309	0.06726457399103139	0.09417040358744394	0.011210762331838564	0.03811659192825112
A1S426	0.10714285714285714	0	0.05952380952380952	0.017857142857142856	0.08928571428571429	0.05952380952380952	0.017857142857142856	0.05952380952380952	0.041666666666666664	0.125	0.011904761904761904	0.05357142857142857	0.017857142857142856	0.03571428571428571	0.03571428571428571	0.05357142857142857	0.02976190476190476	0.09523809523809523	0.047619047619047616	0.041666666666666664
Q28362	0.05601907032181168	0.0059594755661501785	0.04290822407628129	0.060786650774731825	0.060786650774731825	0.054827175208581644	0.02264600715137068	0.07270560190703218	0.052443384982121574	0.11561382598331346	0.01907032181168057	0.03098927294398093	0.04290822407628129	0.028605482717520857	0.05363528009535161	0.07985697258641239	0.06555423122765197	0.09058402860548272	0.014302741358760428	0.029797377830750895
Q1L8D2	0.07013574660633484	0.004524886877828055	0.058823529411764705	0.049773755656108594	0.04524886877828054	0.07013574660633484	0.05429864253393665	0.06108597285067873	0.05203619909502263	0.07692307692307693	0.029411764705882353	0.03619909502262444	0.06787330316742081	0.024886877828054297	0.04524886877828054	0.0746606334841629	0.049773755656108594	0.049773755656108594	0.02262443438914027	0.05656108597285068
P0CI71	0.06475485661424607	0.01757631822386679	0.06105457909343201	0.061979648473635525	0.024051803885291396	0.07123034227567067	0.01757631822386679	0.036077705827937095	0.03515263644773358	0.1036077705827937	0.022201665124884366	0.03700277520814061	0.06382978723404255	0.04902867715078631	0.04625346901017576	0.10730804810360776	0.06938020351526364	0.06938020351526364	0.01572617946345976	0.02682701202590194
A9W1C8	0.12643678160919541	0.005747126436781609	0.06896551724137931	0.05747126436781609	0.034482758620689655	0.10632183908045977	0.017241379310344827	0.04597701149425287	0.02586206896551724	0.07758620689655173	0.017241379310344827	0.02586206896551724	0.05172413793103448	0.031609195402298854	0.07183908045977011	0.05747126436781609	0.06321839080459771	0.08333333333333333	0.005747126436781609	0.02586206896551724
Q81GG8	0.09090909090909091	0.002932551319648094	0.02932551319648094	0.093841642228739	0.03225806451612903	0.08504398826979472	0.020527859237536656	0.06451612903225806	0.07038123167155426	0.1348973607038123	0.020527859237536656	0.06744868035190615	0.026392961876832845	0.020527859237536656	0.03812316715542522	0.06158357771260997	0.0469208211143695	0.07331378299120235	0	0.020527859237536656
P58019	0.06976744186046512	0.09302325581395349	0.046511627906976744	0.023255813953488372	0.023255813953488372	0.03875968992248062	0	0.03875968992248062	0.05426356589147287	0.16279069767441862	0.015503875968992248	0.06976744186046512	0.023255813953488372	0.046511627906976744	0.03875968992248062	0.10077519379844961	0.046511627906976744	0.06201550387596899	0.015503875968992248	0.031007751937984496
Q8M154	0.07142857142857142	0.030612244897959183	0.01020408163265306	0.02040816326530612	0.07142857142857142	0.04081632653061224	0.02040816326530612	0.04081632653061224	0	0.19387755102040816	0.12244897959183673	0.061224489795918366	0.01020408163265306	0.02040816326530612	0.01020408163265306	0.10204081632653061	0.05102040816326531	0.08163265306122448	0	0.04081632653061224
A0A3Q8GYY4	0.13805970149253732	0.022388059701492536	0.04477611940298507	0.05970149253731343	0.033582089552238806	0.10074626865671642	0.014925373134328358	0.041044776119402986	0.04477611940298507	0.07462686567164178	0.048507462686567165	0.022388059701492536	0.022388059701492536	0.022388059701492536	0.048507462686567165	0.07462686567164178	0.0708955223880597	0.09701492537313433	0.0037313432835820895	0.014925373134328358
Q9C6I6	0.1046831955922865	0.011019283746556474	0.05234159779614325	0.049586776859504134	0.030303030303030304	0.06887052341597796	0.011019283746556474	0.06611570247933884	0.05785123966942149	0.09366391184573003	0.011019283746556474	0.027548209366391185	0.0440771349862259	0.03305785123966942	0.04132231404958678	0.12121212121212122	0.05785123966942149	0.09366391184573003	0.0027548209366391185	0.02203856749311295
Q970N1	0.08584686774941995	0	0.03480278422273782	0.07888631090487239	0.03480278422273782	0.0765661252900232	0.018561484918793503	0.06728538283062645	0.07888631090487239	0.09048723897911833	0.030162412993039442	0.025522041763341066	0.06496519721577726	0.030162412993039442	0.037122969837587005	0.06264501160092807	0.03944315545243619	0.06496519721577726	0.009280742459396751	0.06960556844547564
P0C6M4	0.03271028037383177	0.004672897196261682	0.0514018691588785	0.11682242990654206	0.018691588785046728	0.1261682242990654	0.009345794392523364	0.04205607476635514	0.09345794392523364	0.07009345794392523	0.014018691588785047	0.03271028037383177	0.0794392523364486	0.03271028037383177	0.1308411214953271	0.0514018691588785	0.0514018691588785	0.028037383177570093	0.014018691588785047	0
P20612	0.06571428571428571	0.022857142857142857	0.07714285714285714	0.07714285714285714	0.04857142857142857	0.054285714285714284	0.025714285714285714	0.08	0.07428571428571429	0.08571428571428572	0.03428571428571429	0.037142857142857144	0.014285714285714285	0.037142857142857144	0.04857142857142857	0.06285714285714286	0.05714285714285714	0.054285714285714284	0.005714285714285714	0.037142857142857144
C9JE40	0.06629834254143646	0.014732965009208104	0.04419889502762431	0.09392265193370165	0.03130755064456722	0.0423572744014733	0.03130755064456722	0.029465930018416207	0.0423572744014733	0.14548802946593	0.01841620626151013	0.022099447513812154	0.0847145488029466	0.08103130755064457	0.0423572744014733	0.0718232044198895	0.0423572744014733	0.055248618784530384	0.016574585635359115	0.02394106813996317
P40244	0.042801556420233464	0.011673151750972763	0.023346303501945526	0.0311284046692607	0.023346303501945526	0.19066147859922178	0.038910505836575876	0.038910505836575876	0.04669260700389105	0.05058365758754864	0.0311284046692607	0.042801556420233464	0.07003891050583658	0.0622568093385214	0.038910505836575876	0.054474708171206226	0.04669260700389105	0.06614785992217899	0.03501945525291829	0.054474708171206226
P47128	0.05309734513274336	0	0.07964601769911504	0.07079646017699115	0.05309734513274336	0.061946902654867256	0.07964601769911504	0.035398230088495575	0.07964601769911504	0.05309734513274336	0.008849557522123894	0.08849557522123894	0	0.07079646017699115	0.02654867256637168	0.1415929203539823	0.04424778761061947	0.008849557522123894	0	0.04424778761061947
Q96LC7	0.06456241032998565	0.02295552367288379	0.028694404591104734	0.054519368723098996	0.035868005738880916	0.0703012912482066	0.02295552367288379	0.02295552367288379	0.03299856527977044	0.10616929698708752	0.01291248206599713	0.03299856527977044	0.09325681492109039	0.06312769010043041	0.06169296987087518	0.11047345767575323	0.058823529411764705	0.06312769010043041	0.018651362984218076	0.02295552367288379
Q9HGY8	0.11553784860557768	0.00796812749003984	0.043824701195219126	0.09163346613545817	0.035856573705179286	0.06374501992031872	0.00796812749003984	0.08764940239043825	0.0796812749003984	0.05976095617529881	0.00796812749003984	0.0398406374501992	0.03187250996015936	0.04780876494023904	0.0398406374501992	0.055776892430278883	0.06374501992031872	0.09163346613545817	0.01593625498007968	0.01195219123505976
Q9WUP0	0.07407407407407407	0.037037037037037035	0.05291005291005291	0.0582010582010582	0.026455026455026454	0.037037037037037035	0.026455026455026454	0.042328042328042326	0.031746031746031744	0.15873015873015872	0.021164021164021163	0.042328042328042326	0.08465608465608465	0.037037037037037035	0.037037037037037035	0.08994708994708994	0.037037037037037035	0.0582010582010582	0.021164021164021163	0.026455026455026454
B7MSS8	0.09210526315789473	0.0043859649122807015	0.04824561403508772	0.07017543859649122	0.03070175438596491	0.08771929824561403	0.05263157894736842	0.04824561403508772	0.043859649122807015	0.06578947368421052	0.039473684210526314	0.039473684210526314	0.04824561403508772	0.03508771929824561	0.039473684210526314	0.043859649122807015	0.06140350877192982	0.08771929824561403	0.017543859649122806	0.043859649122807015
P02565	0.08762886597938144	0.008762886597938144	0.05154639175257732	0.13350515463917526	0.0288659793814433	0.03865979381443299	0.01958762886597938	0.049484536082474224	0.11185567010309279	0.10103092783505155	0.026804123711340205	0.03814432989690722	0.016494845360824743	0.06701030927835051	0.050515463917525774	0.05463917525773196	0.04639175257731959	0.042783505154639176	0.004639175257731959	0.021649484536082474
Q3M8N0	0.08991596638655462	0.014285714285714285	0.04873949579831933	0.06050420168067227	0.03613445378151261	0.07478991596638655	0.02100840336134454	0.06470588235294118	0.05630252100840336	0.08487394957983194	0.0226890756302521	0.047058823529411764	0.052100840336134456	0.05126050420168067	0.03949579831932773	0.05546218487394958	0.06302521008403361	0.06638655462184874	0.014285714285714285	0.03697478991596639
Q9XI91	0.04430379746835443	0.0189873417721519	0.10759493670886076	0.05063291139240506	0.02531645569620253	0.06962025316455696	0.04430379746835443	0.06962025316455696	0.0949367088607595	0.06329113924050633	0.0189873417721519	0.04430379746835443	0.0379746835443038	0.0379746835443038	0.0189873417721519	0.0949367088607595	0.056962025316455694	0.0759493670886076	0	0.02531645569620253
P49874	0.0642570281124498	0.024096385542168676	0.040160642570281124	0.08433734939759036	0.0321285140562249	0.14859437751004015	0.020080321285140562	0.03614457831325301	0.0321285140562249	0.08835341365461848	0.0321285140562249	0.028112449799196786	0.10441767068273092	0.040160642570281124	0.04819277108433735	0.04819277108433735	0.0321285140562249	0.05220883534136546	0.01606425702811245	0.028112449799196786
B5XPZ2	0.11091854419410745	0.006932409012131715	0.06412478336221837	0.07105719237435008	0.03119584055459272	0.07105719237435008	0.022530329289428077	0.0415944540727903	0.05719237435008666	0.10571923743500866	0.036395147313691506	0.038128249566724434	0.03119584055459272	0.04679376083188908	0.05199306759098787	0.038128249566724434	0.04852686308492201	0.07625649913344887	0.006932409012131715	0.043327556325823226
Q4KYY2	0.06514657980456026	0.026058631921824105	0.03908794788273615	0.035830618892508145	0.029315960912052116	0.048859934853420196	0.02280130293159609	0.03257328990228013	0.0749185667752443	0.1237785016286645	0.013029315960912053	0.05537459283387622	0.06188925081433225	0.048859934853420196	0.04560260586319218	0.12052117263843648	0.04560260586319218	0.06514657980456026	0.013029315960912053	0.03257328990228013
Q8WWX8	0.08148148148148149	0.017777777777777778	0.03259259259259259	0.03851851851851852	0.05185185185185185	0.07111111111111111	0.013333333333333334	0.0725925925925926	0.03851851851851852	0.13037037037037036	0.035555555555555556	0.01925925925925926	0.057777777777777775	0.037037037037037035	0.028148148148148148	0.08444444444444445	0.04888888888888889	0.08592592592592592	0.022222222222222223	0.03259259259259259
O43237	0.06707317073170732	0.01016260162601626	0.056910569105691054	0.08333333333333333	0.03048780487804878	0.07520325203252033	0.026422764227642278	0.03048780487804878	0.08130081300813008	0.0975609756097561	0.02032520325203252	0.032520325203252036	0.06300813008130081	0.032520325203252036	0.042682926829268296	0.08739837398373984	0.054878048780487805	0.07520325203252033	0.01016260162601626	0.022357723577235773
A7H1A6	0.0913978494623656	0.021505376344086023	0.05197132616487455	0.07347670250896057	0.02867383512544803	0.0985663082437276	0.017921146953405017	0.10215053763440861	0.07885304659498207	0.08243727598566308	0.03942652329749104	0.044802867383512544	0.03046594982078853	0.017921146953405017	0.043010752688172046	0.07168458781362007	0.03225806451612903	0.053763440860215055	0.0017921146953405018	0.017921146953405017
B8FLI1	0.0967741935483871	0.009216589861751152	0.06451612903225806	0.0944700460829493	0.04377880184331797	0.052995391705069124	0.020737327188940093	0.08294930875576037	0.06682027649769585	0.08986175115207373	0.020737327188940093	0.04608294930875576	0.03456221198156682	0.03225806451612903	0.07142857142857142	0.03917050691244239	0.041474654377880185	0.07603686635944701	0.002304147465437788	0.013824884792626729
A6U8C1	0.10596026490066225	0.019867549668874173	0.07947019867549669	0.059602649006622516	0.033112582781456956	0.0728476821192053	0.033112582781456956	0.026490066225165563	0.046357615894039736	0.07947019867549669	0.026490066225165563	0.019867549668874173	0.026490066225165563	0.033112582781456956	0.0728476821192053	0.059602649006622516	0.08609271523178808	0.07947019867549669	0.013245033112582781	0.026490066225165563
Q9USV1	0.05351170568561873	0.010033444816053512	0.043478260869565216	0.09364548494983277	0.033444816053511704	0.033444816053511704	0.013377926421404682	0.046822742474916385	0.08361204013377926	0.10033444816053512	0.016722408026755852	0.07692307692307693	0.06020066889632107	0.06354515050167224	0.05351170568561873	0.09364548494983277	0.07692307692307693	0.04013377926421405	0.006688963210702341	0
P04104	0.03139717425431711	0.0141287284144427	0.0423861852433281	0.0565149136577708	0.04081632653061224	0.21664050235478807	0.004709576138147566	0.03924646781789639	0.05337519623233909	0.061224489795918366	0.026687598116169546	0.03610675039246468	0.01098901098901099	0.059654631083202514	0.05180533751962323	0.14756671899529042	0.03767660910518053	0.03924646781789639	0.0015698587127158557	0.0282574568288854
P95331	0.12660944206008584	0.006437768240343348	0.04291845493562232	0.06223175965665236	0.027896995708154508	0.08369098712446352	0.032188841201716736	0.030042918454935622	0.04721030042918455	0.11158798283261803	0.02145922746781116	0.0536480686695279	0.04935622317596566	0.045064377682403435	0.055793991416309016	0.04291845493562232	0.06437768240343347	0.08369098712446352	0.008583690987124463	0.004291845493562232
Q8VH31	0.03484320557491289	0.04529616724738676	0.059233449477351915	0.04878048780487805	0.05226480836236934	0.05574912891986063	0.024390243902439025	0.0627177700348432	0.06968641114982578	0.09407665505226481	0.017421602787456445	0.03484320557491289	0.0627177700348432	0.03484320557491289	0.041811846689895474	0.08710801393728224	0.05226480836236934	0.07665505226480836	0.013937282229965157	0.0313588850174216
Q96VC7	0.08444444444444445	0.011851851851851851	0.056296296296296296	0.06518518518518518	0.03259259259259259	0.08296296296296296	0.02962962962962963	0.05185185185185185	0.054814814814814816	0.06962962962962962	0.01925925925925926	0.028148148148148148	0.05185185185185185	0.025185185185185185	0.05037037037037037	0.0725925925925926	0.05185185185185185	0.09925925925925926	0.01925925925925926	0.04296296296296296
O27881	0.09693877551020408	0.00510204081632653	0.03571428571428571	0.09183673469387756	0.030612244897959183	0.09183673469387756	0.02040816326530612	0.09693877551020408	0.025510204081632654	0.08673469387755102	0.05102040816326531	0.04591836734693878	0.061224489795918366	0.01020408163265306	0.05102040816326531	0.09183673469387756	0.025510204081632654	0.0663265306122449	0	0.015306122448979591
Q9BT92	0.08835341365461848	0.004016064257028112	0.020080321285140562	0.19678714859437751	0.006024096385542169	0.010040160642570281	0.018072289156626505	0.020080321285140562	0.08032128514056225	0.11847389558232932	0.03413654618473896	0.02610441767068273	0.012048192771084338	0.12048192771084337	0.12650602409638553	0.04417670682730924	0.014056224899598393	0.018072289156626505	0.02208835341365462	0.020080321285140562
P0DPE9	0.059063136456211814	0.002036659877800407	0.038696537678207736	0.07535641547861507	0.05295315682281059	0.09368635437881874	0.02240325865580448	0.06313645621181263	0.07128309572301425	0.09164969450101833	0.026476578411405296	0.04480651731160896	0.048879837067209775	0.04276985743380855	0.04073319755600815	0.0814663951120163	0.032586558044806514	0.06517311608961303	0.006109979633401222	0.04073319755600815
Q8H5D4	0.16707021791767554	0.01937046004842615	0.04600484261501211	0.048426150121065374	0.0387409200968523	0.13075060532687652	0.01694915254237288	0.024213075060532687	0.024213075060532687	0.07506053268765134	0.01937046004842615	0.01937046004842615	0.04116222760290557	0.029055690072639227	0.10411622276029056	0.05811138014527845	0.03631961259079903	0.08232445520581114	0.004842615012106538	0.014527845036319613
P51746	0.061452513966480445	0.0335195530726257	0.03910614525139665	0.07262569832402235	0.061452513966480445	0.0335195530726257	0.0223463687150838	0.027932960893854747	0.07262569832402235	0.12849162011173185	0.05027932960893855	0.03910614525139665	0.0335195530726257	0.0446927374301676	0.055865921787709494	0.10614525139664804	0.03910614525139665	0.05027932960893855	0	0.027932960893854747
O88322	0.06771204561653599	0.03492516037063435	0.06557377049180328	0.05915894511760513	0.042052744119743406	0.08980755523877405	0.03848895224518888	0.037776193870277974	0.01781895937277263	0.07483962936564505	0.003563791874554526	0.03207412687099073	0.08624376336421953	0.037776193870277974	0.05915894511760513	0.07412687099073414	0.06699928724162509	0.06058446186742694	0.012116892373485389	0.039201710620099785
Q60611	0.07068062827225131	0.007853403141361256	0.04319371727748691	0.07460732984293193	0.01963350785340314	0.041884816753926704	0.028795811518324606	0.034031413612565446	0.05759162303664921	0.10340314136125654	0.02617801047120419	0.05366492146596859	0.07853403141361257	0.0968586387434555	0.04581151832460733	0.08115183246073299	0.041884816753926704	0.060209424083769635	0.009162303664921465	0.024869109947643978
Q08163	0.0759493670886076	0.012658227848101266	0.04852320675105485	0.06329113924050633	0.027426160337552744	0.06751054852320675	0.023206751054852322	0.046413502109704644	0.08438818565400844	0.08016877637130802	0.02109704641350211	0.04430379746835443	0.0759493670886076	0.04219409282700422	0.027426160337552744	0.08649789029535865	0.052742616033755275	0.08649789029535865	0.012658227848101266	0.02109704641350211
O95971	0.04419889502762431	0.04419889502762431	0.027624309392265192	0.06077348066298342	0.04419889502762431	0.09392265193370165	0.027624309392265192	0.06077348066298342	0.04419889502762431	0.1270718232044199	0.016574585635359115	0.022099447513812154	0.022099447513812154	0.06629834254143646	0.04419889502762431	0.09944751381215469	0.0718232044198895	0.06077348066298342	0.011049723756906077	0.011049723756906077
Q9CQM2	0.06132075471698113	0.014150943396226415	0.0330188679245283	0.02830188679245283	0.09433962264150944	0.05188679245283019	0.018867924528301886	0.08490566037735849	0.05188679245283019	0.15566037735849056	0.018867924528301886	0.02358490566037736	0.018867924528301886	0.014150943396226415	0.02830188679245283	0.0660377358490566	0.07547169811320754	0.07075471698113207	0.018867924528301886	0.07075471698113207
Q28927	0.13733905579399142	0.03648068669527897	0.0536480686695279	0.02575107296137339	0.05150214592274678	0.06866952789699571	0.004291845493562232	0.04291845493562232	0.02575107296137339	0.11373390557939914	0.017167381974248927	0.027896995708154508	0.07296137339055794	0.023605150214592276	0.06866952789699571	0.07296137339055794	0.034334763948497854	0.07939914163090128	0.02145922746781116	0.02145922746781116
P19919	0.10877626699629171	0.014833127317676144	0.0630407911001236	0.0630407911001236	0.0407911001236094	0.08405438813349815	0.034610630407911	0.054388133498145856	0.05686032138442522	0.06180469715698393	0.037082818294190356	0.027194066749072928	0.05562422744128554	0.02843016069221261	0.042027194066749075	0.042027194066749075	0.06056860321384425	0.07787391841779975	0.012360939431396786	0.034610630407911
Q24803	0.11724137931034483	0.020689655172413793	0.04252873563218391	0.067816091954023	0.03908045977011494	0.06091954022988506	0.02413793103448276	0.07126436781609195	0.07701149425287357	0.06436781609195402	0.041379310344827586	0.04942528735632184	0.05057471264367816	0.02528735632183908	0.03333333333333333	0.05057471264367816	0.04942528735632184	0.0735632183908046	0.008045977011494253	0.03333333333333333
A4JCW0	0.16632443531827515	0.008213552361396304	0.053388090349075976	0.053388090349075976	0.04722792607802875	0.09034907597535935	0.030800821355236138	0.053388090349075976	0.02053388090349076	0.07186858316221766	0.014373716632443531	0.028747433264887063	0.0513347022587269	0.03285420944558522	0.07392197125256673	0.053388090349075976	0.04722792607802875	0.07392197125256673	0.014373716632443531	0.014373716632443531
Q8DJI1	0.08695652173913043	0	0	0.043478260869565216	0.08695652173913043	0.10869565217391304	0	0.21739130434782608	0	0.10869565217391304	0.08695652173913043	0.08695652173913043	0.021739130434782608	0.021739130434782608	0.043478260869565216	0.021739130434782608	0.021739130434782608	0.043478260869565216	0	0
B1IUY6	0.08494208494208494	0.017374517374517374	0.052123552123552123	0.08301158301158301	0.04247104247104247	0.07722007722007722	0.013513513513513514	0.059845559845559844	0.0444015444015444	0.10231660231660232	0.025096525096525095	0.03474903474903475	0.04826254826254826	0.03861003861003861	0.06563706563706563	0.05791505791505792	0.055984555984555984	0.04054054054054054	0.015444015444015444	0.04054054054054054
Q9QZM2	0.06318082788671024	0.026143790849673203	0.04139433551198257	0.058823529411764705	0.0392156862745098	0.06753812636165578	0.02832244008714597	0.0196078431372549	0.0457516339869281	0.13071895424836602	0.015250544662309368	0.032679738562091505	0.04793028322440087	0.04793028322440087	0.06971677559912855	0.09803921568627451	0.04793028322440087	0.07407407407407407	0.023965141612200435	0.02178649237472767
Q9IK90	0.04261363636363636	0.017045454545454544	0.05397727272727273	0.048295454545454544	0.048295454545454544	0.07386363636363637	0.017045454545454544	0.08238636363636363	0.07670454545454546	0.09375	0.03409090909090909	0.05397727272727273	0.03977272727272727	0.02556818181818182	0.05965909090909091	0.08806818181818182	0.03409090909090909	0.05965909090909091	0.011363636363636364	0.03977272727272727
Q5QE79	0.07496251874062969	0.025487256371814093	0.04122938530734633	0.07196401799100449	0.041979010494752625	0.07196401799100449	0.02623688155922039	0.06596701649175413	0.060719640179910044	0.07571214392803598	0.029985007496251874	0.03973013493253373	0.06296851574212893	0.041979010494752625	0.04122938530734633	0.05847076461769116	0.05922038980509745	0.0704647676161919	0.0074962518740629685	0.03223388305847077
O75147	0.08755274261603375	0.028481012658227847	0.049578059071729956	0.09018987341772151	0.023734177215189875	0.08702531645569621	0.029535864978902954	0.024261603375527425	0.024261603375527425	0.10232067510548523	0.007383966244725738	0.010021097046413503	0.07225738396624473	0.03850210970464135	0.08175105485232068	0.05590717299578059	0.052742616033755275	0.10337552742616034	0.014240506329113924	0.016877637130801686
Q030F9	0.05627705627705628	0.004329004329004329	0.05194805194805195	0.10822510822510822	0.05194805194805195	0.08225108225108226	0.025974025974025976	0.04329004329004329	0.08225108225108226	0.11255411255411256	0.017316017316017316	0.05627705627705628	0.017316017316017316	0.030303030303030304	0.05194805194805195	0.05627705627705628	0.047619047619047616	0.06926406926406926	0	0.03463203463203463
P79292	0.0945945945945946	0.03783783783783784	0.02972972972972973	0.032432432432432434	0.05405405405405406	0.05675675675675676	0.013513513513513514	0.05405405405405406	0.02702702702702703	0.13243243243243244	0.021621621621621623	0.03513513513513514	0.05675675675675676	0.024324324324324326	0.05675675675675676	0.05945945945945946	0.04864864864864865	0.12162162162162163	0.013513513513513514	0.02972972972972973
P03139	0.043701799485861184	0.03598971722365039	0.028277634961439587	0.005141388174807198	0.06426735218508997	0.07969151670951156	0.015424164524421594	0.05398457583547558	0.010282776349614395	0.12082262210796915	0.02313624678663239	0.04627249357326478	0.11568123393316196	0.043701799485861184	0.033419023136246784	0.10282776349614396	0.08226221079691516	0.033419023136246784	0.043701799485861184	0.017994858611825194
P00131	0.11627906976744186	0.06976744186046512	0.06976744186046512	0.031007751937984496	0.03875968992248062	0.07751937984496124	0.06976744186046512	0	0.16279069767441862	0.046511627906976744	0.031007751937984496	0.023255813953488372	0.03875968992248062	0.007751937984496124	0.015503875968992248	0.046511627906976744	0.03875968992248062	0.09302325581395349	0	0.023255813953488372
A0QWX4	0.12218649517684887	0.0021436227224008574	0.06752411575562701	0.07931404072883172	0.02572347266881029	0.06538049303322616	0.02679528403001072	0.04501607717041801	0.01929260450160772	0.12004287245444802	0.01607717041800643	0.021436227224008574	0.04608788853161844	0.030010718113612004	0.09753483386923902	0.05466237942122187	0.05359056806002144	0.0707395498392283	0.010718113612004287	0.02572347266881029
P83040	0.05811138014527845	0.01694915254237288	0.08716707021791767	0.07021791767554479	0.07021791767554479	0.05569007263922518	0.05811138014527845	0.043583535108958835	0.04600484261501211	0.0774818401937046	0.012106537530266344	0.043583535108958835	0.05811138014527845	0.043583535108958835	0.043583535108958835	0.053268765133171914	0.043583535108958835	0.053268765133171914	0.01937046004842615	0.04600484261501211
Q07WM5	0.09982788296041308	0.0068846815834767644	0.06196213425129088	0.07056798623063683	0.043029259896729774	0.060240963855421686	0.024096385542168676	0.039586919104991396	0.060240963855421686	0.12220309810671257	0.025817555938037865	0.03270223752151463	0.024096385542168676	0.04819277108433735	0.05335628227194492	0.06712564543889846	0.05335628227194492	0.07056798623063683	0.0034423407917383822	0.03270223752151463
Q5LM18	0.14096185737976782	0.01990049751243781	0.05804311774461028	0.06467661691542288	0.02155887230514096	0.08955223880597014	0.03814262023217247	0.06301824212271974	0.011608623548922056	0.07462686567164178	0.04477611940298507	0.03150912106135987	0.05970149253731343	0.02321724709784411	0.05804311774461028	0.03648424543946932	0.06633499170812604	0.07462686567164178	0.009950248756218905	0.013266998341625208
P06300	0.05241935483870968	0.028225806451612902	0.06451612903225806	0.0967741935483871	0.03225806451612903	0.0846774193548387	0.016129032258064516	0.016129032258064516	0.056451612903225805	0.14516129032258066	0.016129032258064516	0.03225806451612903	0.04032258064516129	0.04032258064516129	0.07661290322580645	0.06854838709677419	0.04838709677419355	0.04032258064516129	0.016129032258064516	0.028225806451612902
Q14644	0.05515587529976019	0.025179856115107913	0.06115107913669065	0.07553956834532374	0.05635491606714628	0.04436450839328537	0.026378896882494004	0.05275779376498801	0.07793764988009592	0.0815347721822542	0.015587529976019185	0.03477218225419664	0.047961630695443645	0.047961630695443645	0.05515587529976019	0.0815347721822542	0.046762589928057555	0.06594724220623502	0.007194244604316547	0.0407673860911271
Q9CQ82	0.028409090909090908	0.005681818181818182	0.03977272727272727	0.07954545454545454	0.03977272727272727	0.028409090909090908	0.017045454545454544	0.056818181818181816	0.13068181818181818	0.09659090909090909	0.028409090909090908	0.03977272727272727	0.056818181818181816	0.03977272727272727	0.056818181818181816	0.13636363636363635	0.0625	0.045454545454545456	0	0.011363636363636364
Q5RK27	0.0840258541089566	0.0221606648199446	0.03785780240073869	0.057248384118190214	0.046168051708217916	0.07756232686980609	0.01569713758079409	0.05447830101569714	0.04155124653739612	0.10803324099722991	0.038781163434903045	0.046168051708217916	0.04339796860572484	0.0332409972299169	0.046168051708217916	0.06555863342566944	0.05817174515235457	0.07940904893813482	0.01662049861495845	0.027700831024930747
Q9NWW5	0.0707395498392283	0.006430868167202572	0.028938906752411574	0.03536977491961415	0.08681672025723473	0.05787781350482315	0.03858520900321544	0.06109324758842444	0.028938906752411574	0.15434083601286175	0.022508038585209004	0.02572347266881029	0.06109324758842444	0.022508038585209004	0.04823151125401929	0.06752411575562701	0.04180064308681672	0.05787781350482315	0.028938906752411574	0.05466237942122187
A9VG72	0.08695652173913043	0.005797101449275362	0.02608695652173913	0.09565217391304348	0.03188405797101449	0.06376811594202898	0.028985507246376812	0.08405797101449275	0.05217391304347826	0.0927536231884058	0.02608695652173913	0.034782608695652174	0.05217391304347826	0.04057971014492753	0.04057971014492753	0.057971014492753624	0.057971014492753624	0.06956521739130435	0.008695652173913044	0.043478260869565216
Q12328	0.11594202898550725	0.00966183574879227	0.033816425120772944	0.04830917874396135	0.057971014492753624	0.13043478260869565	0.004830917874396135	0.04830917874396135	0.05314009661835749	0.057971014492753624	0.05314009661835749	0.03864734299516908	0.05314009661835749	0.04830917874396135	0.024154589371980676	0.06280193236714976	0.06763285024154589	0.04830917874396135	0	0.043478260869565216
P26022	0.09973753280839895	0.026246719160104987	0.03937007874015748	0.09711286089238845	0.026246719160104987	0.09186351706036745	0.023622047244094488	0.04461942257217848	0.02099737532808399	0.11548556430446194	0.026246719160104987	0.03674540682414698	0.03674540682414698	0.03674540682414698	0.06561679790026247	0.05774278215223097	0.05249343832020997	0.05774278215223097	0.026246719160104987	0.01837270341207349
Q8IWF2	0.07163742690058479	0.008771929824561403	0.059941520467836254	0.04824561403508772	0.05847953216374269	0.06871345029239766	0.03654970760233918	0.038011695906432746	0.03070175438596491	0.11988304093567251	0.013157894736842105	0.04093567251461988	0.05555555555555555	0.039473684210526314	0.07748538011695906	0.07017543859649122	0.049707602339181284	0.05555555555555555	0.014619883040935672	0.04239766081871345
Q3HRQ2	0.0745697896749522	0.017208413001912046	0.05736137667304015	0.04206500956022945	0.045889101338432124	0.08604206500956023	0.021032504780114723	0.0497131931166348	0.036328871892925434	0.09177820267686425	0.036328871892925434	0.036328871892925434	0.08795411089866156	0.02676864244741874	0.045889101338432124	0.06118546845124283	0.04780114722753346	0.0841300191204589	0.011472275334608031	0.040152963671128104
Q03713	0.08176100628930817	0.012578616352201259	0.031446540880503145	0.1320754716981132	0.025157232704402517	0.05660377358490566	0.006289308176100629	0.0440251572327044	0.11320754716981132	0.11949685534591195	0.031446540880503145	0.031446540880503145	0.018867924528301886	0.03773584905660377	0.08176100628930817	0.03773584905660377	0.050314465408805034	0.0440251572327044	0.018867924528301886	0.025157232704402517
Q86X95	0.03111111111111111	0.011111111111111112	0.044444444444444446	0.1111111111111111	0.024444444444444446	0.05555555555555555	0.04	0.017777777777777778	0.15555555555555556	0.04666666666666667	0.022222222222222223	0.04888888888888889	0.035555555555555556	0.03777777777777778	0.08888888888888889	0.14222222222222222	0.03333333333333333	0.022222222222222223	0.008888888888888889	0.022222222222222223
P20181	0.046511627906976744	0.023255813953488372	0.050387596899224806	0.06589147286821706	0.015503875968992248	0.046511627906976744	0.015503875968992248	0.05813953488372093	0.06589147286821706	0.08527131782945736	0.01937984496124031	0.046511627906976744	0.05426356589147287	0.050387596899224806	0.08527131782945736	0.09302325581395349	0.05813953488372093	0.06201550387596899	0.015503875968992248	0.04263565891472868
Q31CX3	0.08604651162790698	0.004651162790697674	0.05116279069767442	0.08372093023255814	0.030232558139534883	0.09302325581395349	0.01627906976744186	0.06511627906976744	0.05116279069767442	0.12093023255813953	0.018604651162790697	0.053488372093023255	0.030232558139534883	0.023255813953488372	0.037209302325581395	0.1	0.05581395348837209	0.053488372093023255	0.004651162790697674	0.020930232558139535
P01085	0.13709677419354838	0.08064516129032258	0.04838709677419355	0.04032258064516129	0.016129032258064516	0.08064516129032258	0.016129032258064516	0.024193548387096774	0.024193548387096774	0.08064516129032258	0.024193548387096774	0.008064516129032258	0.07258064516129033	0.06451612903225806	0.06451612903225806	0.056451612903225805	0.024193548387096774	0.08064516129032258	0.016129032258064516	0.04032258064516129
Q9NR99	0.056577086280056574	0.013083451202263084	0.045615275813295615	0.05905233380480905	0.02616690240452617	0.06117397454031118	0.026874115983026876	0.047736916548797734	0.05693069306930693	0.08628005657708628	0.02157001414427157	0.04101838755304102	0.08026874115983026	0.04101838755304102	0.054455445544554455	0.09512022630834512	0.08415841584158416	0.06683168316831684	0.01166902404526167	0.024398868458274398
Q66S03	0.10062893081761007	0.0440251572327044	0.025157232704402517	0.03773584905660377	0.06918238993710692	0.09433962264150944	0.05660377358490566	0.03773584905660377	0.08176100628930817	0.05660377358490566	0.018867924528301886	0.06918238993710692	0.025157232704402517	0.012578616352201259	0.06289308176100629	0.06918238993710692	0.050314465408805034	0.03773584905660377	0.0440251572327044	0.006289308176100629
Q9UJF2	0.05267778753292362	0.01755926251097454	0.048287971905179985	0.07726075504828797	0.035996488147497806	0.038630377524143986	0.019315188762071993	0.043898156277436345	0.06760316066725197	0.09833187006145742	0.021949078138718173	0.043898156277436345	0.05443371378402107	0.058823529411764705	0.06584723441615452	0.11852502194907814	0.056189640035118525	0.05443371378402107	0.007023705004389816	0.019315188762071993
P05825	0.07238605898123325	0.002680965147453083	0.06032171581769437	0.05227882037533512	0.022788203753351208	0.1032171581769437	0.013404825737265416	0.049597855227882036	0.04423592493297587	0.07238605898123325	0.0160857908847185	0.0777479892761394	0.0388739946380697	0.04289544235924933	0.049597855227882036	0.06568364611260054	0.08847184986595175	0.057640750670241284	0.02680965147453083	0.04289544235924933
P57785	0.06793478260869565	0.024456521739130436	0.035326086956521736	0.07065217391304347	0.029891304347826088	0.07065217391304347	0.021739130434782608	0.024456521739130436	0.021739130434782608	0.12771739130434784	0.02717391304347826	0.019021739130434784	0.06793478260869565	0.07065217391304347	0.07880434782608696	0.07880434782608696	0.051630434782608696	0.07336956521739131	0.02717391304347826	0.010869565217391304
P53890	0.05357142857142857	0.006696428571428571	0.09151785714285714	0.09375	0.022321428571428572	0.0625	0.020089285714285716	0.05803571428571429	0.08705357142857142	0.05803571428571429	0.017857142857142856	0.08705357142857142	0.03571428571428571	0.049107142857142856	0.03571428571428571	0.09598214285714286	0.049107142857142856	0.05580357142857143	0.004464285714285714	0.015625
A7MBE0	0.06927175843694494	0.02664298401420959	0.037300177619893425	0.04440497335701599	0.06039076376554174	0.07815275310834814	0.008880994671403197	0.0497335701598579	0.03019538188277087	0.15630550621669628	0.02486678507992895	0.028419182948490232	0.05328596802841918	0.03907637655417407	0.04262877442273535	0.0586145648312611	0.06394316163410302	0.07460035523978685	0.023090586145648313	0.03019538188277087
Q6PSU2	0.06395348837209303	0.046511627906976744	0.06976744186046512	0.08139534883720931	0.01744186046511628	0.046511627906976744	0.01744186046511628	0.01744186046511628	0.01744186046511628	0.09883720930232558	0.023255813953488372	0.040697674418604654	0.06395348837209303	0.13953488372093023	0.12209302325581395	0.0755813953488372	0.005813953488372093	0.011627906976744186	0.005813953488372093	0.03488372093023256
Q8QZY4	0.0728744939271255	0.05263157894736842	0.020242914979757085	0.04048582995951417	0.04048582995951417	0.10121457489878542	0.04048582995951417	0.032388663967611336	0.004048582995951417	0.08906882591093117	0.008097165991902834	0.012145748987854251	0.10931174089068826	0.06477732793522267	0.06072874493927125	0.10931174089068826	0.04048582995951417	0.06072874493927125	0.02834008097165992	0.012145748987854251
Q0K9V9	0.14209115281501342	0.0160857908847185	0.05093833780160858	0.040214477211796246	0.021447721179624665	0.0938337801608579	0.032171581769437	0.05093833780160858	0.013404825737265416	0.09651474530831099	0.02680965147453083	0.021447721179624665	0.06702412868632708	0.040214477211796246	0.06970509383378017	0.05361930294906166	0.045576407506702415	0.0777479892761394	0.01876675603217158	0.021447721179624665
Q8YU96	0.11398963730569948	0.007772020725388601	0.04145077720207254	0.046632124352331605	0.018134715025906734	0.06994818652849741	0.04145077720207254	0.08031088082901554	0.03626943005181347	0.10103626943005181	0.025906735751295335	0.02072538860103627	0.05181347150259067	0.08549222797927461	0.04145077720207254	0.05181347150259067	0.05699481865284974	0.07253886010362694	0.015544041450777202	0.02072538860103627
A1JHX6	0.07741935483870968	0.012903225806451613	0.08709677419354839	0.04838709677419355	0.06774193548387097	0.0935483870967742	0.016129032258064516	0.06129032258064516	0.05161290322580645	0.06129032258064516	0.01935483870967742	0.06451612903225806	0.025806451612903226	0.03870967741935484	0.035483870967741936	0.054838709677419356	0.035483870967741936	0.07419354838709677	0.012903225806451613	0.06129032258064516
P9WN82	0.11209439528023599	0.008849557522123894	0.0943952802359882	0.029498525073746312	0.02064896755162242	0.08849557522123894	0.014749262536873156	0.06784660766961652	0.058997050147492625	0.10029498525073746	0.008849557522123894	0.04129793510324484	0.035398230088495575	0.02654867256637168	0.04129793510324484	0.05604719764011799	0.06784660766961652	0.0943952802359882	0.008849557522123894	0.02359882005899705
A9M3I9	0.07665505226480836	0.010452961672473868	0.06968641114982578	0.08013937282229965	0.03832752613240418	0.0627177700348432	0.010452961672473868	0.0627177700348432	0.08710801393728224	0.08013937282229965	0.020905923344947737	0.024390243902439025	0.05226480836236934	0.03832752613240418	0.04529616724738676	0.05226480836236934	0.059233449477351915	0.08013937282229965	0.017421602787456445	0.0313588850174216
Q01772	0.08407871198568873	0.008944543828264758	0.04830053667262969	0.03935599284436494	0.0518783542039356	0.08050089445438283	0.016100178890876567	0.055456171735241505	0.025044722719141325	0.09481216457960644	0.028622540250447227	0.044722719141323794	0.10554561717352415	0.02146690518783542	0.03756708407871199	0.09481216457960644	0.07692307692307693	0.06797853309481217	0.008944543828264758	0.008944543828264758
A0CY51	0.027777777777777776	0.015873015873015872	0.07936507936507936	0.06746031746031746	0.06349206349206349	0.01984126984126984	0.01984126984126984	0.07539682539682539	0.0873015873015873	0.11507936507936507	0.011904761904761904	0.06349206349206349	0.015873015873015872	0.08333333333333333	0.027777777777777776	0.06349206349206349	0.027777777777777776	0.06746031746031746	0.015873015873015872	0.051587301587301584
Q9P2X3	0.0625	0.03125	0.075	0.103125	0.015625	0.046875	0.01875	0.08125	0.078125	0.084375	0.021875	0.05	0.05	0.040625	0.04375	0.05	0.0375	0.059375	0.015625	0.034375
Q9CX56	0.0906515580736544	0.014164305949008499	0.028328611898016998	0.0708215297450425	0.039660056657223795	0.056657223796033995	0.0113314447592068	0.059490084985835696	0.07365439093484419	0.11048158640226628	0.0226628895184136	0.0339943342776204	0.05099150141643059	0.0453257790368272	0.07365439093484419	0.0708215297450425	0.056657223796033995	0.039660056657223795	0.0084985835694051	0.042492917847025496
