Q9XII1	0.05863192182410423	0.009771986970684038	0.06840390879478828	0.09120521172638436	0.02280130293159609	0.09771986970684039	0.016286644951140065	0.05211726384364821	0.06188925081433225	0.11726384364820847	0.009771986970684038	0.04560260586319218	0.048859934853420196	0.026058631921824105	0.06840390879478828	0.09120521172638436	0.029315960912052116	0.05537459283387622	0	0.029315960912052116
Q14684	0.06728232189973615	0.009234828496042216	0.04221635883905013	0.07783641160949868	0.03825857519788918	0.06860158311345646	0.022427440633245383	0.027704485488126648	0.10158311345646438	0.09630606860158311	0.01978891820580475	0.030343007915567283	0.07387862796833773	0.051451187335092345	0.06860158311345646	0.08839050131926121	0.05013192612137203	0.05013192612137203	0.0079155672823219	0.0079155672823219
B2IUL2	0.07468879668049792	0	0.04771784232365145	0.07261410788381743	0.03734439834024896	0.1037344398340249	0.008298755186721992	0.07261410788381743	0.04564315352697095	0.08713692946058091	0.01867219917012448	0.04564315352697095	0.04979253112033195	0.04149377593360996	0.04564315352697095	0.04979253112033195	0.07676348547717843	0.0954356846473029	0	0.026970954356846474
Q46509	0.10694597574421169	0.019845644983461964	0.06174200661521499	0.050716648291069456	0.02866593164277839	0.10915104740904079	0.025358324145534728	0.04961411245865491	0.05953693495038589	0.07497243660418963	0.02866593164277839	0.030871003307607496	0.06063947078280044	0.03858875413450937	0.03197353914002205	0.03969128996692393	0.06284454244762955	0.07497243660418963	0.012127894156560088	0.03307607497243661
P30838	0.07505518763796909	0.01545253863134658	0.04194260485651214	0.07505518763796909	0.02869757174392936	0.0706401766004415	0.02207505518763797	0.0706401766004415	0.06181015452538632	0.08830022075055188	0.02869757174392936	0.033112582781456956	0.05739514348785872	0.05077262693156733	0.04415011037527594	0.0640176600441501	0.04856512141280353	0.07505518763796909	0.008830022075055188	0.039735099337748346
Q9FI56	0.07427341227125941	0.004305705059203444	0.04520990312163617	0.10764262648008611	0.02798708288482239	0.08396124865446716	0.013993541442411194	0.06566200215285253	0.06566200215285253	0.09580193756727665	0.02906350914962325	0.030139935414424113	0.03659849300322928	0.03552206673842842	0.08180839612486544	0.0581270182992465	0.05059203444564048	0.0721205597416577	0.001076426264800861	0.02045209903121636
Q92664	0.06575342465753424	0.06301369863013699	0.03561643835616438	0.06575342465753424	0.049315068493150684	0.052054794520547946	0.06301369863013699	0.0273972602739726	0.1178082191780822	0.0684931506849315	0.0136986301369863	0.024657534246575342	0.052054794520547946	0.043835616438356165	0.0547945205479452	0.0684931506849315	0.057534246575342465	0.049315068493150684	0.005479452054794521	0.021917808219178082
Q8QG92	0.05946601941747573	0.02063106796116505	0.05218446601941747	0.0691747572815534	0.023058252427184466	0.050970873786407765	0.03519417475728155	0.02912621359223301	0.07524271844660194	0.08980582524271845	0.014563106796116505	0.04975728155339806	0.050970873786407765	0.04611650485436893	0.050970873786407765	0.13106796116504854	0.055825242718446605	0.06796116504854369	0.0036407766990291263	0.024271844660194174
Q51805	0.1299093655589124	0.01812688821752266	0.02416918429003021	0.0755287009063444	0.027190332326283987	0.09365558912386707	0.01812688821752266	0.07250755287009064	0.08157099697885196	0.06646525679758308	0.021148036253776436	0.030211480362537766	0.06646525679758308	0.021148036253776436	0.045317220543806644	0.03323262839879154	0.04833836858006042	0.06042296072507553	0.03323262839879154	0.03323262839879154
Q6NUN9	0.07608695652173914	0.024844720496894408	0.043478260869565216	0.07142857142857142	0.029503105590062112	0.11801242236024845	0.026397515527950312	0.026397515527950312	0.049689440993788817	0.08074534161490683	0.013975155279503106	0.021739130434782608	0.10714285714285714	0.04503105590062112	0.05745341614906832	0.07142857142857142	0.062111801242236024	0.04192546583850932	0.021739130434782608	0.010869565217391304
Q4J6M6	0.07829181494661921	0	0.06405693950177936	0.046263345195729534	0.02491103202846975	0.06761565836298933	0.017793594306049824	0.06405693950177936	0.08185053380782918	0.099644128113879	0.028469750889679714	0.05338078291814947	0.046263345195729534	0.017793594306049824	0.0498220640569395	0.07829181494661921	0.0498220640569395	0.09252669039145907	0.0035587188612099642	0.03558718861209965
Q7VQT2	0.024844720496894408	0.008281573498964804	0.050724637681159424	0.040372670807453416	0.044513457556935816	0.030020703933747412	0.036231884057971016	0.13664596273291926	0.10351966873706005	0.07763975155279502	0.021739130434782608	0.09213250517598344	0.035196687370600416	0.047619047619047616	0.023809523809523808	0.06314699792960662	0.06418219461697723	0.023809523809523808	0.024844720496894408	0.050724637681159424
Q9XF04	0.0625	0.010416666666666666	0.041666666666666664	0.0625	0.052083333333333336	0.0625	0.07291666666666667	0	0.0625	0.15625	0.0625	0.052083333333333336	0.07291666666666667	0.041666666666666664	0.041666666666666664	0.0625	0.03125	0.041666666666666664	0.010416666666666666	0
Q7UVH1	0.05570652173913043	0.006793478260869565	0.06793478260869565	0.058423913043478264	0.04619565217391304	0.09103260869565218	0.04483695652173913	0.04619565217391304	0.029891304347826088	0.08288043478260869	0.028532608695652172	0.051630434782608696	0.06114130434782609	0.035326086956521736	0.05434782608695652	0.057065217391304345	0.051630434782608696	0.059782608695652176	0.033967391304347824	0.036684782608695655
Q9TTF0	0.09732360097323602	0.0340632603406326	0.0364963503649635	0.06326034063260341	0.038929440389294405	0.058394160583941604	0.024330900243309004	0.0267639902676399	0.0413625304136253	0.11435523114355231	0.0267639902676399	0.029197080291970802	0.07785888077858881	0.04866180048661801	0.06569343065693431	0.10218978102189781	0.038929440389294405	0.05596107055961071	0.009732360097323601	0.009732360097323601
P54751	0.03560830860534125	0.017804154302670624	0.04747774480712166	0.04451038575667656	0.06528189910979229	0.05934718100890208	0.03560830860534125	0.05637982195845697	0.06231454005934718	0.08902077151335312	0.020771513353115726	0.05934718100890208	0.050445103857566766	0.026706231454005934	0.06231454005934718	0.05934718100890208	0.07418397626112759	0.0712166172106825	0.02373887240356083	0.03857566765578635
Q7T1T4	0.056910569105691054	0.024390243902439025	0.05420054200542006	0.0948509485094851	0.024390243902439025	0.051490514905149054	0.04607046070460705	0.03523035230352303	0.06233062330623306	0.08401084010840108	0.02981029810298103	0.05962059620596206	0.04607046070460705	0.04336043360433604	0.032520325203252036	0.07859078590785908	0.04336043360433604	0.07317073170731707	0.01084010840108401	0.04878048780487805
P08821	0.13043478260869565	0	0.06521739130434782	0.08695652173913043	0.043478260869565216	0.07608695652173914	0	0.06521739130434782	0.13043478260869565	0.06521739130434782	0.010869565217391304	0.05434782608695652	0.043478260869565216	0.021739130434782608	0.043478260869565216	0.05434782608695652	0.043478260869565216	0.06521739130434782	0	0
Q3HRQ2	0.0745697896749522	0.017208413001912046	0.05736137667304015	0.04206500956022945	0.045889101338432124	0.08604206500956023	0.021032504780114723	0.0497131931166348	0.036328871892925434	0.09177820267686425	0.036328871892925434	0.036328871892925434	0.08795411089866156	0.02676864244741874	0.045889101338432124	0.06118546845124283	0.04780114722753346	0.0841300191204589	0.011472275334608031	0.040152963671128104
Q04F24	0.05140640155189137	0.007759456838021339	0.07177497575169738	0.04849660523763336	0.038797284190106696	0.061105722599418044	0.02230843840931135	0.05916585838991271	0.06207565470417071	0.09311348205625607	0.01842870999030068	0.07177497575169738	0.04558680892337536	0.052376333656644035	0.04849660523763336	0.07565470417070805	0.040737148399612025	0.05140640155189137	0.028128031037827354	0.05140640155189137
Q3A538	0.09183673469387756	0.02040816326530612	0.05612244897959184	0.05612244897959184	0.04081632653061224	0.09183673469387756	0.030612244897959183	0.061224489795918366	0.030612244897959183	0.10714285714285714	0.02040816326530612	0.030612244897959183	0.025510204081632654	0.05102040816326531	0.05102040816326531	0.05102040816326531	0.08163265306122448	0.08673469387755102	0	0.015306122448979591
Q9Y805	0.02925531914893617	0	0.09840425531914894	0.09840425531914894	0.02127659574468085	0.02925531914893617	0.0425531914893617	0.023936170212765957	0.09042553191489362	0.08244680851063829	0.02925531914893617	0.05585106382978723	0.02127659574468085	0.06914893617021277	0.14361702127659576	0.07712765957446809	0.026595744680851064	0.018617021276595744	0.013297872340425532	0.02925531914893617
P55735	0.07142857142857142	0.027950310559006212	0.07142857142857142	0.052795031055900624	0.012422360248447204	0.08385093167701864	0.040372670807453416	0.06521739130434782	0.049689440993788817	0.052795031055900624	0.012422360248447204	0.049689440993788817	0.031055900621118012	0.040372670807453416	0.027950310559006212	0.10559006211180125	0.046583850931677016	0.08385093167701864	0.052795031055900624	0.021739130434782608
P10726	0.047244094488188976	0	0.07874015748031496	0.0984251968503937	0.027559055118110236	0.04330708661417323	0.01968503937007874	0.06299212598425197	0.09055118110236221	0.12598425196850394	0.03543307086614173	0.031496062992125984	0.031496062992125984	0.04330708661417323	0.05511811023622047	0.06299212598425197	0.03937007874015748	0.06299212598425197	0.015748031496062992	0.027559055118110236
P19914	0.14982578397212543	0.010452961672473868	0.041811846689895474	0.06620209059233449	0.024390243902439025	0.09407665505226481	0.027874564459930314	0.059233449477351915	0.041811846689895474	0.09407665505226481	0.0313588850174216	0.0313588850174216	0.05574912891986063	0.024390243902439025	0.07317073170731707	0.03484320557491289	0.04878048780487805	0.06620209059233449	0.010452961672473868	0.013937282229965157
Q00059	0.06097560975609756	0.016260162601626018	0.032520325203252036	0.1016260162601626	0.032520325203252036	0.036585365853658534	0.012195121951219513	0.04065040650406504	0.12601626016260162	0.08943089430894309	0.028455284552845527	0.02032520325203252	0.044715447154471545	0.04878048780487805	0.08536585365853659	0.08536585365853659	0.036585365853658534	0.036585365853658534	0.024390243902439025	0.04065040650406504
A8LZI9	0.18021978021978022	0.004395604395604396	0.06373626373626373	0.04835164835164835	0.01098901098901099	0.08131868131868132	0.02197802197802198	0.017582417582417582	0.008791208791208791	0.11648351648351649	0.01098901098901099	0.013186813186813187	0.05934065934065934	0.03296703296703297	0.07692307692307693	0.03736263736263736	0.05934065934065934	0.13626373626373625	0.004395604395604396	0.015384615384615385
Q8YFY2	0.08743169398907104	0.01092896174863388	0.051001821493624776	0.061930783242258654	0.04371584699453552	0.10200364298724955	0.03460837887067395	0.058287795992714025	0.04007285974499089	0.056466302367941715	0.025500910746812388	0.03825136612021858	0.058287795992714025	0.03825136612021858	0.07285974499089254	0.0692167577413479	0.030965391621129327	0.07285974499089254	0.01639344262295082	0.030965391621129327
B5H7H3	0.12096774193548387	0.008064516129032258	0.06989247311827956	0.06182795698924731	0.03763440860215054	0.07258064516129033	0.04032258064516129	0.03494623655913978	0.005376344086021506	0.0913978494623656	0.016129032258064516	0.021505376344086023	0.06182795698924731	0.01881720430107527	0.11021505376344086	0.051075268817204304	0.07526881720430108	0.05913978494623656	0.01881720430107527	0.024193548387096774
Q03180	0.18153846153846154	0.012307692307692308	0.06461538461538462	0.012307692307692308	0.015384615384615385	0.07076923076923076	0.006153846153846154	0.05846153846153846	0.055384615384615386	0.04	0.006153846153846154	0.021538461538461538	0.027692307692307693	0.09846153846153846	0.012307692307692308	0.12307692307692308	0.08923076923076922	0.07076923076923076	0.006153846153846154	0.027692307692307693
P19920	0.1597222222222222	0.006944444444444444	0.05555555555555555	0.052083333333333336	0.010416666666666666	0.10416666666666667	0.017361111111111112	0.06944444444444445	0.04861111111111111	0.09722222222222222	0.03125	0.020833333333333332	0.0625	0.013888888888888888	0.059027777777777776	0.027777777777777776	0.06944444444444445	0.05555555555555555	0.003472222222222222	0.034722222222222224
C1CV34	0.10398613518197573	0.0017331022530329288	0.07972270363951472	0.06239168110918544	0.06239168110918544	0.08145580589254767	0.01559792027729636	0.025996533795493933	0.038128249566724434	0.10571923743500866	0.025996533795493933	0.01386481802426343	0.05025996533795494	0.05199306759098787	0.07452339688041594	0.053726169844020795	0.045060658578856154	0.07279029462738301	0.010398613518197574	0.024263431542461005
Q73K76	0.06607929515418502	0	0.06167400881057269	0.07488986784140969	0.02643171806167401	0.07488986784140969	0.022026431718061675	0.0881057268722467	0.07929515418502203	0.11013215859030837	0.01762114537444934	0.06167400881057269	0.02643171806167401	0.01762114537444934	0.05726872246696035	0.05726872246696035	0.05726872246696035	0.03524229074889868	0.022026431718061675	0.04405286343612335
P19137	0.06779111255270841	0.052870580603308466	0.05351929938371716	0.05968212779759974	0.02627311060655206	0.0817385663314953	0.03081414206941291	0.038274408044112876	0.04735647096983458	0.0943885825494648	0.015244891339604282	0.04735647096983458	0.04897826792085631	0.0454103146286085	0.054492377554330194	0.0810898475510866	0.056762893285760625	0.0587090496269867	0.008108984755108661	0.031138501459617256
O29779	0.0855614973262032	0	0.0427807486631016	0.06951871657754011	0.0427807486631016	0.0962566844919786	0.016042780748663103	0.06951871657754011	0.053475935828877004	0.0748663101604278	0.026737967914438502	0.026737967914438502	0.0481283422459893	0.03208556149732621	0.08021390374331551	0.0481283422459893	0.0427807486631016	0.10695187165775401	0	0.0374331550802139
Q92126	0.07468477206595538	0.02133850630455868	0.049466537342386034	0.06692531522793405	0.0533462657613967	0.06789524733268672	0.013579049466537343	0.07953443258971872	0.055286129970902036	0.08438409311348205	0.030067895247332686	0.03588748787584869	0.038797284190106696	0.041707080504364696	0.04655674102812803	0.06013579049466537	0.06013579049466537	0.07953443258971872	0.009699321047526674	0.031037827352085354
P43830	0.06993006993006994	0.005244755244755245	0.057692307692307696	0.08916083916083917	0.03671328671328671	0.07517482517482517	0.02097902097902098	0.06643356643356643	0.057692307692307696	0.08041958041958042	0.03496503496503497	0.043706293706293704	0.043706293706293704	0.04195804195804196	0.05419580419580419	0.05244755244755245	0.045454545454545456	0.08916083916083917	0.008741258741258742	0.026223776223776224
Q9YA13	0.09076682316118936	0	0.057902973395931145	0.07668231611893583	0.0406885758998435	0.08763693270735524	0.01564945226917058	0.056338028169014086	0.04381846635367762	0.10172143974960876	0.026604068857589983	0.018779342723004695	0.04538341158059468	0.026604068857589983	0.07355242566510173	0.06572769953051644	0.03599374021909233	0.081377151799687	0.010954616588419406	0.04381846635367762
Q49611	0.06329113924050633	0.11392405063291139	0.05063291139240506	0.10126582278481013	0	0.08860759493670886	0.02531645569620253	0.08860759493670886	0.05063291139240506	0.02531645569620253	0.02531645569620253	0.0759493670886076	0.05063291139240506	0	0.012658227848101266	0.02531645569620253	0.0379746835443038	0.1518987341772152	0.012658227848101266	0
Q9QZM5	0.07352941176470588	0.004201680672268907	0.052521008403361345	0.04831932773109244	0.012605042016806723	0.06722689075630252	0.02100840336134454	0.06092436974789916	0.04201680672268908	0.05042016806722689	0.018907563025210083	0.052521008403361345	0.12394957983193278	0.046218487394957986	0.0546218487394958	0.09033613445378151	0.07773109243697479	0.0546218487394958	0.004201680672268907	0.04411764705882353
P80909	0.05063291139240506	0.11392405063291139	0.0379746835443038	0.11392405063291139	0	0.08860759493670886	0.02531645569620253	0.08860759493670886	0.06329113924050633	0.012658227848101266	0.02531645569620253	0.0759493670886076	0.0379746835443038	0	0.0759493670886076	0.012658227848101266	0.02531645569620253	0.06329113924050633	0	0.08860759493670886
P16220	0.11314984709480122	0.009174311926605505	0.03363914373088685	0.07339449541284404	0	0.045871559633027525	0.009174311926605505	0.05504587155963303	0.039755351681957186	0.0581039755351682	0.021406727828746176	0.03669724770642202	0.0581039755351682	0.11009174311926606	0.045871559633027525	0.08256880733944955	0.10091743119266056	0.0856269113149847	0	0.021406727828746176
P54274	0.07289293849658314	0.018223234624145785	0.05239179954441914	0.11389521640091116	0.0387243735763098	0.04100227790432802	0.025056947608200455	0.04555808656036447	0.08200455580865604	0.0774487471526196	0.029612756264236904	0.0387243735763098	0.02733485193621868	0.04783599088838269	0.0683371298405467	0.09339407744874716	0.05466970387243736	0.04555808656036447	0.01366742596810934	0.01366742596810934
Q9RA63	0.10655737704918032	0	0.04800936768149883	0.12646370023419204	0.01990632318501171	0.06674473067915691	0.01522248243559719	0.06323185011709602	0.05737704918032787	0.13114754098360656	0.01053864168618267	0.01405152224824356	0.03981264637002342	0.03747072599531616	0.09836065573770492	0.02810304449648712	0.03981264637002342	0.06908665105386416	0.00702576112412178	0.02107728337236534
Q8UBS1	0.1588785046728972	0.011682242990654205	0.056074766355140186	0.06074766355140187	0.016355140186915886	0.0911214953271028	0.02570093457943925	0.07009345794392523	0.035046728971962614	0.08411214953271028	0.018691588785046728	0.028037383177570093	0.03271028037383177	0.028037383177570093	0.06074766355140187	0.06542056074766354	0.04439252336448598	0.09579439252336448	0.004672897196261682	0.011682242990654205
Q6LXA7	0.0582010582010582	0.031746031746031744	0.042328042328042326	0.09523809523809523	0.037037037037037035	0.07936507936507936	0.031746031746031744	0.09523809523809523	0.07936507936507936	0.06878306878306878	0.010582010582010581	0.047619047619047616	0.042328042328042326	0.026455026455026454	0.015873015873015872	0.07407407407407407	0.037037037037037035	0.07936507936507936	0.005291005291005291	0.042328042328042326
O14775	0.08354430379746836	0.04810126582278481	0.06835443037974684	0.053164556962025315	0.043037974683544304	0.07088607594936709	0.027848101265822784	0.027848101265822784	0.060759493670886074	0.0810126582278481	0.027848101265822784	0.035443037974683546	0.017721518987341773	0.030379746835443037	0.04556962025316456	0.10126582278481013	0.05822784810126582	0.07341772151898734	0.020253164556962026	0.02531645569620253
P47027	0.02617801047120419	0.014397905759162303	0.061518324607329845	0.041884816753926704	0.049738219895287955	0.03664921465968586	0.02356020942408377	0.10078534031413612	0.09031413612565445	0.08900523560209424	0.014397905759162303	0.07722513089005235	0.04842931937172775	0.041884816753926704	0.03534031413612566	0.10602094240837696	0.06675392670157068	0.03534031413612566	0.010471204188481676	0.030104712041884817
Q8WY41	0.16095890410958905	0.03767123287671233	0.04452054794520548	0.0547945205479452	0.02054794520547945	0.10273972602739725	0.017123287671232876	0.010273972602739725	0.0273972602739726	0.09246575342465753	0.010273972602739725	0.017123287671232876	0.136986301369863	0.00684931506849315	0.0821917808219178	0.07534246575342465	0.03767123287671233	0.030821917808219176	0.010273972602739725	0.023972602739726026
P36170	0.06159110350727117	0.029940119760479042	0.02566295979469632	0.07271171941830624	0.02566295979469632	0.032506415739948676	0.007698887938408896	0.03592814371257485	0.026518391787852865	0.032506415739948676	0.011120615911035072	0.03849443969204448	0.041916167664670656	0.015397775876817793	0.009409751924721984	0.24208725406330198	0.16595380667236956	0.07698887938408897	0.007698887938408896	0.04020530367835757
Q14999	0.0712603062426384	0.018256772673733806	0.050647820965842166	0.07832744405182568	0.02944640753828033	0.061837455830388695	0.03121319199057715	0.04004711425206125	0.03180212014134275	0.1336866902237927	0.019434628975265017	0.028268551236749116	0.05771495877502945	0.0636042402826855	0.06772673733804475	0.07597173144876325	0.038869257950530034	0.06065959952885748	0.0176678445229682	0.023557126030624265
Q9NPJ6	0.07777777777777778	0.003703703703703704	0.05185185185185185	0.10740740740740741	0.007407407407407408	0.07037037037037037	0.025925925925925925	0.044444444444444446	0.05925925925925926	0.12222222222222222	0.037037037037037035	0.05185185185185185	0.05185185185185185	0.05555555555555555	0.04814814814814815	0.1	0.022222222222222223	0.040740740740740744	0.007407407407407408	0.014814814814814815
Q51739	0.08429752066115702	0.009917355371900827	0.05289256198347107	0.0859504132231405	0.026446280991735537	0.11074380165289256	0.01818181818181818	0.0628099173553719	0.07768595041322314	0.09586776859504133	0.024793388429752067	0.04462809917355372	0.05289256198347107	0.006611570247933884	0.04297520661157025	0.03636363636363636	0.049586776859504134	0.05289256198347107	0.013223140495867768	0.0512396694214876
P10479	0.07956600361663653	0.014466546112115732	0.0650994575045208	0.0759493670886076	0.06871609403254973	0.081374321880651	0.027124773960216998	0.081374321880651	0.07956600361663653	0.06148282097649186	0.0216998191681736	0.045207956600361664	0.04159132007233273	0.0216998191681736	0.05063291139240506	0.0325497287522604	0.0433996383363472	0.0433996383363472	0.014466546112115732	0.05063291139240506
P0DPE9	0.059063136456211814	0.002036659877800407	0.038696537678207736	0.07535641547861507	0.05295315682281059	0.09368635437881874	0.02240325865580448	0.06313645621181263	0.07128309572301425	0.09164969450101833	0.026476578411405296	0.04480651731160896	0.048879837067209775	0.04276985743380855	0.04073319755600815	0.0814663951120163	0.032586558044806514	0.06517311608961303	0.006109979633401222	0.04073319755600815
Q6ZNH5	0.09839357429718876	0.06224899598393574	0.018072289156626505	0.0783132530120482	0.04216867469879518	0.11044176706827309	0.07228915662650602	0.006024096385542169	0.04819277108433735	0.05823293172690763	0.004016064257028112	0.018072289156626505	0.06224899598393574	0.04819277108433735	0.10040160642570281	0.08032128514056225	0.04216867469879518	0.028112449799196786	0.010040160642570281	0.012048192771084338
F4IDS7	0.07793522267206478	0.018218623481781375	0.06376518218623482	0.08704453441295547	0.04554655870445344	0.05263157894736842	0.025303643724696356	0.06376518218623482	0.06072874493927125	0.10121457489878542	0.02631578947368421	0.038461538461538464	0.027327935222672066	0.039473684210526314	0.05060728744939271	0.06680161943319839	0.04757085020242915	0.058704453441295545	0.009109311740890687	0.039473684210526314
Q3TYQ9	0.0748502994011976	0.02619760479041916	0.04416167664670659	0.07260479041916168	0.04715568862275449	0.07035928143712575	0.023203592814371257	0.06511976047904192	0.06362275449101797	0.0748502994011976	0.02619760479041916	0.040419161676646706	0.06437125748502993	0.038922155688622756	0.04116766467065868	0.05389221556886228	0.06661676646706587	0.06736526946107785	0.008233532934131737	0.030688622754491017
P23255	0.033404406538734895	0.01847903340440654	0.06183368869936034	0.0867093105899076	0.0412224591329069	0.04193319118692253	0.021321961620469083	0.07960199004975124	0.07960199004975124	0.08599857853589196	0.023454157782515993	0.06254442075337598	0.03980099502487562	0.03482587064676617	0.042643923240938165	0.08173418621179815	0.05046197583511016	0.07036247334754797	0.010660980810234541	0.033404406538734895
Q9H5V7	0.05250596658711217	0.03818615751789976	0.050119331742243436	0.05250596658711217	0.028639618138424822	0.059665871121718374	0.057279236276849645	0.03341288782816229	0.05489260143198091	0.06921241050119331	0.028639618138424822	0.0477326968973747	0.09069212410501193	0.057279236276849645	0.045346062052505964	0.10739856801909307	0.050119331742243436	0.04295942720763723	0.002386634844868735	0.031026252983293555
A5PK51	0.13011152416356878	0.01486988847583643	0.040892193308550186	0.055762081784386616	0.040892193308550186	0.08736059479553904	0.013011152416356878	0.013011152416356878	0.013011152416356878	0.15055762081784388	0.011152416356877323	0.011152416356877323	0.07063197026022305	0.06505576208178439	0.08178438661710037	0.06505576208178439	0.031598513011152414	0.0762081784386617	0.00929368029739777	0.01858736059479554
Q05523	0.07964601769911504	0.00663716814159292	0.05088495575221239	0.06637168141592921	0.033185840707964605	0.07300884955752213	0.00663716814159292	0.033185840707964605	0.11283185840707964	0.10398230088495575	0.03982300884955752	0.046460176991150445	0.030973451327433628	0.022123893805309734	0.0420353982300885	0.0420353982300885	0.06858407079646017	0.07743362831858407	0.017699115044247787	0.046460176991150445
Q9H5J0	0.09407665505226481	0.017421602787456445	0.047038327526132406	0.07317073170731707	0.036585365853658534	0.078397212543554	0.027874564459930314	0.0156794425087108	0.03484320557491289	0.09059233449477352	0.012195121951219513	0.010452961672473868	0.11149825783972125	0.04006968641114982	0.05400696864111498	0.10104529616724739	0.05574912891986063	0.06097560975609756	0.010452961672473868	0.027874564459930314
P07003	0.11538461538461539	0.017482517482517484	0.04895104895104895	0.06643356643356643	0.03496503496503497	0.08391608391608392	0.03146853146853147	0.055944055944055944	0.050699300699300696	0.09615384615384616	0.03496503496503497	0.02972027972027972	0.0472027972027972	0.03496503496503497	0.043706293706293704	0.057692307692307696	0.04020979020979021	0.07692307692307693	0.008741258741258742	0.024475524475524476
P42794	0.038461538461538464	0.016483516483516484	0.04395604395604396	0.06043956043956044	0.038461538461538464	0.08791208791208792	0.01098901098901099	0.06043956043956044	0.08791208791208792	0.07692307692307693	0.027472527472527472	0.03296703296703297	0.02197802197802198	0.04395604395604396	0.0989010989010989	0.06593406593406594	0.04945054945054945	0.08791208791208792	0.005494505494505495	0.04395604395604396
P05316	0.08056872037914692	0.02527646129541864	0.03475513428120063	0.037914691943127965	0.07740916271721959	0.05845181674565561	0.017377567140600316	0.07266982622432859	0.045813586097946286	0.08530805687203792	0.023696682464454975	0.045813586097946286	0.04107424960505529	0.023696682464454975	0.03317535545023697	0.10110584518167456	0.03949447077409163	0.06951026856240126	0.03475513428120063	0.052132701421800945
Q8K450	0.054773082942097026	0.025039123630672927	0.057902973395931145	0.08607198748043818	0.0297339593114241	0.07042253521126761	0.04381846635367762	0.0594679186228482	0.06885758998435054	0.09702660406885759	0.02034428794992175	0.03912363067292645	0.03442879499217527	0.03129890453834116	0.0406885758998435	0.0892018779342723	0.054773082942097026	0.057902973395931145	0.01564945226917058	0.023474178403755867
Q0W7A4	0.10865191146881288	0.002012072434607646	0.060362173038229376	0.08249496981891348	0.03219315895372234	0.06438631790744467	0.02414486921529175	0.05835010060362173	0.05835010060362173	0.10462776659959759	0.04426559356136821	0.026156941649899398	0.030181086519114688	0.018108651911468814	0.07243460764587525	0.07847082494969819	0.060362173038229376	0.05835010060362173	0.006036217303822937	0.01006036217303823
Q6PFX7	0.09843937575030012	0.021608643457382955	0.031212484993997598	0.058823529411764705	0.010804321728691477	0.10444177671068428	0.03481392557022809	0.02040816326530612	0.04321728691476591	0.07563025210084033	0.02040816326530612	0.012004801920768308	0.1452581032412965	0.03241296518607443	0.08043217286914765	0.09243697478991597	0.05162064825930372	0.0468187274909964	0.007202881152460984	0.012004801920768308
Q3U285	0.07166666666666667	0.025	0.058333333333333334	0.075	0.021666666666666667	0.056666666666666664	0.016666666666666666	0.035	0.08166666666666667	0.10166666666666667	0.023333333333333334	0.041666666666666664	0.043333333333333335	0.058333333333333334	0.056666666666666664	0.10833333333333334	0.051666666666666666	0.041666666666666664	0.005	0.02666666666666667
P80101	0.06382978723404255	0	0.02127659574468085	0.0425531914893617	0.0425531914893617	0.06382978723404255	0.0425531914893617	0.06382978723404255	0.02127659574468085	0.1702127659574468	0.06382978723404255	0.0425531914893617	0.02127659574468085	0	0.06382978723404255	0.0425531914893617	0.0425531914893617	0.0851063829787234	0.06382978723404255	0.0425531914893617
Q8N6F8	0.11428571428571428	0.024489795918367346	0.04897959183673469	0.053061224489795916	0.012244897959183673	0.08571428571428572	0.02040816326530612	0.0163265306122449	0.0163265306122449	0.14285714285714285	0.0163265306122449	0.012244897959183673	0.09387755102040816	0.04897959183673469	0.06938775510204082	0.061224489795918366	0.053061224489795916	0.05714285714285714	0.02857142857142857	0.024489795918367346
Q51800	0.05714285714285714	0.0761904761904762	0.047619047619047616	0.09523809523809523	0.01904761904761905	0.05714285714285714	0	0.08571428571428572	0.12380952380952381	0.0380952380952381	0.01904761904761905	0.0380952380952381	0.08571428571428572	0	0.009523809523809525	0.01904761904761905	0.0761904761904762	0.06666666666666667	0.01904761904761905	0.06666666666666667
Q1AZ75	0.072992700729927	0.0072992700729927005	0.04671532846715328	0.12846715328467154	0.02335766423357664	0.09197080291970802	0.014598540145985401	0.04671532846715328	0.027737226277372264	0.10218978102189781	0.0072992700729927005	0.024817518248175182	0.058394160583941604	0.024817518248175182	0.12408759124087591	0.040875912408759124	0.0364963503649635	0.0905109489051095	0.00583941605839416	0.024817518248175182
Q8N695	0.07540983606557378	0.018032786885245903	0.03442622950819672	0.019672131147540985	0.06229508196721312	0.09180327868852459	0.009836065573770493	0.06721311475409836	0.027868852459016394	0.11475409836065574	0.027868852459016394	0.036065573770491806	0.03934426229508197	0.036065573770491806	0.029508196721311476	0.07704918032786885	0.07377049180327869	0.09180327868852459	0.018032786885245903	0.04918032786885246
Q9VJV8	0.055401662049861494	0.024930747922437674	0.06371191135734072	0.055401662049861494	0.0332409972299169	0.04709141274238227	0.0443213296398892	0.05263157894736842	0.04155124653739612	0.13573407202216067	0.013850415512465374	0.0443213296398892	0.04709141274238227	0.04986149584487535	0.07479224376731301	0.07479224376731301	0.06371191135734072	0.04709141274238227	0.008310249307479225	0.0221606648199446
Q82TD5	0.10762331838565023	0.013452914798206279	0.08520179372197309	0.05829596412556054	0.017937219730941704	0.05829596412556054	0.017937219730941704	0.04932735426008968	0.04035874439461883	0.10762331838565023	0.026905829596412557	0.02242152466367713	0.02242152466367713	0.04035874439461883	0.08968609865470852	0.09865470852017937	0.04035874439461883	0.06726457399103139	0.004484304932735426	0.03139013452914798
Q960A1	0.06364359586316627	0.024661893396976928	0.049323786793953855	0.06443914081145585	0.04295942720763723	0.09069212410501193	0.016706443914081145	0.07000795544948289	0.07080350039777247	0.07955449482895784	0.01988862370723946	0.06205250596658711	0.03420843277645187	0.035003977724741446	0.03659506762132061	0.07239459029435164	0.059665871121718374	0.07159904534606205	0.007955449482895784	0.02784407319013524
Q9LZS9	0.06686046511627906	0.01744186046511628	0.05232558139534884	0.03197674418604651	0.06686046511627906	0.07848837209302326	0.014534883720930232	0.0377906976744186	0.09302325581395349	0.10465116279069768	0.02616279069767442	0.05813953488372093	0.04941860465116279	0.020348837209302327	0.040697674418604654	0.0872093023255814	0.04941860465116279	0.04941860465116279	0.011627906976744186	0.0436046511627907
B9MRK7	0.036231884057971016	0.007246376811594203	0.07971014492753623	0.08695652173913043	0.028985507246376812	0.050724637681159424	0.007246376811594203	0.11594202898550725	0.12318840579710146	0.08695652173913043	0.014492753623188406	0.043478260869565216	0.028985507246376812	0.028985507246376812	0.050724637681159424	0.050724637681159424	0.021739130434782608	0.07971014492753623	0.014492753623188406	0.043478260869565216
P19158	0.04774277362780124	0.012341669373173108	0.05099058135758363	0.0581357583631049	0.055537512179278985	0.03020461188697629	0.03280285807080221	0.08379343942838584	0.0581357583631049	0.11010068203962325	0.025657681065280935	0.0613835660928873	0.037999350438454045	0.03150373497888925	0.0441701851250406	0.10782721662877558	0.06398181227671322	0.04579408898993179	0.006495615459564794	0.03540110425462813
Q7FZF1	0.03940886699507389	0.014778325123152709	0.06403940886699508	0.10837438423645321	0.08866995073891626	0.03940886699507389	0.014778325123152709	0.09359605911330049	0.06896551724137931	0.10837438423645321	0.024630541871921183	0.03940886699507389	0.034482758620689655	0.019704433497536946	0.04926108374384237	0.07389162561576355	0.059113300492610835	0.03940886699507389	0.009852216748768473	0.009852216748768473
P09813	0.10784313725490197	0.00980392156862745	0.0392156862745098	0.06862745098039216	0.049019607843137254	0.0392156862745098	0.00980392156862745	0.0196078431372549	0.08823529411764706	0.12745098039215685	0.058823529411764705	0.0196078431372549	0.0392156862745098	0.06862745098039216	0.0196078431372549	0.08823529411764706	0.06862745098039216	0.049019607843137254	0	0.029411764705882353
A2QM49	0.0859106529209622	0.027491408934707903	0.04639175257731959	0.05670103092783505	0.04982817869415808	0.06357388316151202	0.024054982817869417	0.06013745704467354	0.029209621993127148	0.1254295532646048	0.022336769759450172	0.015463917525773196	0.04639175257731959	0.03608247422680412	0.061855670103092786	0.06872852233676977	0.06013745704467354	0.05326460481099656	0.01718213058419244	0.04982817869415808
Q8BK67	0.09423076923076923	0.025	0.038461538461538464	0.0673076923076923	0.03076923076923077	0.12692307692307692	0.021153846153846155	0.04038461538461539	0.057692307692307696	0.07307692307692308	0.01730769230769231	0.026923076923076925	0.051923076923076926	0.03653846153846154	0.06923076923076923	0.07307692307692308	0.05384615384615385	0.05384615384615385	0.01730769230769231	0.025
O94530	0.0784313725490196	0.00980392156862745	0.04656862745098039	0.07107843137254902	0.03676470588235294	0.061274509803921566	0.02696078431372549	0.056372549019607844	0.061274509803921566	0.09313725490196079	0.014705882352941176	0.0392156862745098	0.08088235294117647	0.029411764705882353	0.04411764705882353	0.08088235294117647	0.051470588235294115	0.08333333333333333	0.007352941176470588	0.02696078431372549
B0UVP8	0.05504587155963303	0.022935779816513763	0.05963302752293578	0.03669724770642202	0.027522935779816515	0.07339449541284404	0.027522935779816515	0.07339449541284404	0.04128440366972477	0.0963302752293578	0.027522935779816515	0.04128440366972477	0.045871559633027525	0.0963302752293578	0.04128440366972477	0.03669724770642202	0.07339449541284404	0.07339449541284404	0.009174311926605505	0.04128440366972477
Q2YBP3	0.09545454545454546	0	0.05454545454545454	0.10227272727272728	0.031818181818181815	0.05227272727272727	0.025	0.06136363636363636	0.04772727272727273	0.10227272727272728	0.020454545454545454	0.022727272727272728	0.04772727272727273	0.0659090909090909	0.07727272727272727	0.06818181818181818	0.05227272727272727	0.056818181818181816	0.00909090909090909	0.006818181818181818
O13800	0.05217391304347826	0.030434782608695653	0.04782608695652174	0.02608695652173913	0.05217391304347826	0.043478260869565216	0.034782608695652174	0.043478260869565216	0.05217391304347826	0.15217391304347827	0.030434782608695653	0.05217391304347826	0.0391304347826087	0.043478260869565216	0.034782608695652174	0.12173913043478261	0.04782608695652174	0.0391304347826087	0.013043478260869565	0.043478260869565216
Q9N4U5	0.10603290676416818	0.0018281535648994515	0.10420475319926874	0.09872029250457039	0.018281535648994516	0.05850091407678245	0.02010968921389397	0.02010968921389397	0.10603290676416818	0.0712979890310786	0.012797074954296161	0.03656307129798903	0.038391224862888484	0.03473491773308958	0.10603290676416818	0.07861060329067641	0.021937842778793418	0.031078610603290677	0.003656307129798903	0.031078610603290677
P26759	0.08035714285714286	0.008928571428571428	0.03571428571428571	0.03571428571428571	0.05803571428571429	0.10267857142857142	0.022321428571428572	0.03125	0.05357142857142857	0.10267857142857142	0.04017857142857143	0.05803571428571429	0.07142857142857142	0.013392857142857142	0.026785714285714284	0.09821428571428571	0.049107142857142856	0.09821428571428571	0.004464285714285714	0.008928571428571428
Q7Z6J6	0.06140350877192982	0.02280701754385965	0.04035087719298246	0.08070175438596491	0.05789473684210526	0.0456140350877193	0.03333333333333333	0.0456140350877193	0.06315789473684211	0.11228070175438597	0.014035087719298246	0.017543859649122806	0.04912280701754386	0.03508771929824561	0.07017543859649122	0.09298245614035087	0.05789473684210526	0.05964912280701754	0.007017543859649123	0.03333333333333333
P0DM64	0.06030150753768844	0.020100502512562814	0.06030150753768844	0.09547738693467336	0.06532663316582915	0.07035175879396985	0.05527638190954774	0.05527638190954774	0.03015075376884422	0.08040201005025126	0.03015075376884422	0.03015075376884422	0.05527638190954774	0.020100502512562814	0.04522613065326633	0.09045226130653267	0.03015075376884422	0.05527638190954774	0.010050251256281407	0.04020100502512563
P92939	0.0763430725730443	0.016965127238454288	0.057492931196983975	0.06786050895381715	0.043355325164938736	0.07257304429783223	0.013195098963242224	0.06314797360980208	0.05089538171536286	0.10179076343072573	0.030160226201696512	0.036757775683317624	0.03770028275212064	0.034872761545711596	0.04147031102733271	0.08105560791705937	0.05372290292177191	0.0885956644674835	0.01413760603204524	0.017907634307257305
P19919	0.10877626699629171	0.014833127317676144	0.0630407911001236	0.0630407911001236	0.0407911001236094	0.08405438813349815	0.034610630407911	0.054388133498145856	0.05686032138442522	0.06180469715698393	0.037082818294190356	0.027194066749072928	0.05562422744128554	0.02843016069221261	0.042027194066749075	0.042027194066749075	0.06056860321384425	0.07787391841779975	0.012360939431396786	0.034610630407911
P20073	0.0778688524590164	0.010245901639344262	0.045081967213114756	0.0471311475409836	0.040983606557377046	0.11885245901639344	0.004098360655737705	0.0430327868852459	0.028688524590163935	0.06352459016393443	0.03278688524590164	0.02459016393442623	0.10040983606557377	0.06967213114754098	0.055327868852459015	0.08401639344262295	0.04918032786885246	0.0430327868852459	0.0020491803278688526	0.05942622950819672
Q9H0C3	0.03696498054474708	0.005836575875486381	0.054474708171206226	0.04085603112840467	0.08949416342412451	0.054474708171206226	0.027237354085603113	0.06809338521400778	0.058365758754863814	0.09533073929961089	0.04085603112840467	0.048638132295719845	0.038910505836575876	0.029182879377431907	0.04474708171206226	0.07003891050583658	0.06614785992217899	0.0622568093385214	0.03501945525291829	0.033073929961089495
Q4J6M3	0.09224598930481283	0.001336898395721925	0.058823529411764705	0.07352941176470588	0.03208556149732621	0.07754010695187166	0.012032085561497326	0.08689839572192513	0.06951871657754011	0.05748663101604278	0.017379679144385027	0.03342245989304813	0.053475935828877004	0.0213903743315508	0.05213903743315508	0.05213903743315508	0.05614973262032086	0.09491978609625669	0.008021390374331552	0.04946524064171123
P32591	0.04727272727272727	0.0024242424242424242	0.06545454545454546	0.1103030303030303	0.030303030303030304	0.04242424242424243	0.01696969696969697	0.05818181818181818	0.08242424242424243	0.06666666666666667	0.02181818181818182	0.09090909090909091	0.05333333333333334	0.0496969696969697	0.03151515151515152	0.09696969696969697	0.059393939393939395	0.04727272727272727	0.006060606060606061	0.020606060606060607
