A3NBM6	0.16367713004484305	0.011210762331838564	0.07174887892376682	0.05605381165919283	0.042600896860986545	0.07174887892376682	0.026905829596412557	0.02466367713004484	0.026905829596412557	0.10089686098654709	0.011210762331838564	0.042600896860986545	0.0515695067264574	0.033632286995515695	0.07623318385650224	0.0515695067264574	0.03587443946188341	0.07174887892376682	0.006726457399103139	0.02242152466367713
A5W0D6	0.133630289532294	0.015590200445434299	0.053452115812917596	0.053452115812917596	0.0400890868596882	0.0779510022271715	0.026726057906458798	0.015590200445434299	0.031180400890868598	0.0957683741648107	0.0200445434298441	0.044543429844097995	0.044543429844097995	0.060133630289532294	0.0645879732739421	0.0645879732739421	0.031180400890868598	0.08685968819599109	0.0066815144766146995	0.0334075723830735
Q8K3V4	0.0469208211143695	0.026392961876832845	0.05278592375366569	0.06598240469208211	0.0469208211143695	0.054252199413489736	0.011730205278592375	0.054252199413489736	0.06304985337243402	0.10410557184750734	0.030791788856304986	0.039589442815249266	0.06598240469208211	0.05278592375366569	0.036656891495601175	0.07917888563049853	0.05278592375366569	0.0718475073313783	0.013196480938416423	0.030791788856304986
Q31WK0	0.10784313725490197	0.013071895424836602	0.0915032679738562	0.0392156862745098	0.05555555555555555	0.08496732026143791	0.03594771241830065	0.042483660130718956	0.0392156862745098	0.08823529411764706	0.03594771241830065	0.0392156862745098	0.042483660130718956	0.032679738562091505	0.0457516339869281	0.0392156862745098	0.05555555555555555	0.07516339869281045	0.00980392156862745	0.026143790849673203
Q48KS4	0.07250755287009064	0.00906344410876133	0.06948640483383686	0.0634441087613293	0.0513595166163142	0.09667673716012085	0.03323262839879154	0.0513595166163142	0.04229607250755287	0.06948640483383686	0.015105740181268883	0.04833836858006042	0.045317220543806644	0.027190332326283987	0.06042296072507553	0.06948640483383686	0.04833836858006042	0.07854984894259819	0.027190332326283987	0.021148036253776436
Q62H14	0.12202380952380952	0.008928571428571428	0.07738095238095238	0.041666666666666664	0.041666666666666664	0.08928571428571429	0.03273809523809524	0.020833333333333332	0.017857142857142856	0.08333333333333333	0.02976190476190476	0.03869047619047619	0.07738095238095238	0.020833333333333332	0.08928571428571429	0.03273809523809524	0.05357142857142857	0.0744047619047619	0.023809523809523808	0.023809523809523808
Q63T53	0.11572700296735905	0.005934718100890208	0.06824925816023739	0.04747774480712166	0.032640949554896145	0.09198813056379822	0.02967359050445104	0.03560830860534125	0.03560830860534125	0.08011869436201781	0.020771513353115726	0.04747774480712166	0.06824925816023739	0.03560830860534125	0.06824925816023739	0.03560830860534125	0.04747774480712166	0.0771513353115727	0.026706231454005934	0.02967359050445104
B2UG65	0.10119047619047619	0.005952380952380952	0.0744047619047619	0.050595238095238096	0.047619047619047616	0.08928571428571429	0.026785714285714284	0.041666666666666664	0.02976190476190476	0.0625	0.03273809523809524	0.044642857142857144	0.06845238095238096	0.03273809523809524	0.08035714285714286	0.02976190476190476	0.0625	0.06845238095238096	0.023809523809523808	0.026785714285714284
Q9K576	0.06829268292682927	0.004878048780487805	0.06097560975609756	0.08536585365853659	0.036585365853658534	0.06829268292682927	0.03170731707317073	0.06341463414634146	0.05121951219512195	0.0975609756097561	0.03414634146341464	0.06097560975609756	0.04878048780487805	0.024390243902439025	0.04878048780487805	0.046341463414634146	0.07560975609756097	0.05609756097560976	0.007317073170731708	0.02926829268292683
Q1JEK0	0.07317073170731707	0.009146341463414634	0.08231707317073171	0.027439024390243903	0.057926829268292686	0.08536585365853659	0.036585365853658534	0.054878048780487805	0.039634146341463415	0.10060975609756098	0.03048780487804878	0.051829268292682924	0.036585365853658534	0.051829268292682924	0.03353658536585366	0.06402439024390244	0.042682926829268296	0.07317073170731707	0.006097560975609756	0.042682926829268296
A4T6Q0	0.12935323383084577	0.009950248756218905	0.07462686567164178	0.05472636815920398	0.02736318407960199	0.08208955223880597	0.022388059701492536	0.03980099502487562	0.007462686567164179	0.12437810945273632	0.02736318407960199	0.024875621890547265	0.05970149253731343	0.022388059701492536	0.08955223880597014	0.0472636815920398	0.06218905472636816	0.07462686567164178	0.007462686567164179	0.012437810945273632
A1KVF9	0.0749185667752443	0.013029315960912053	0.08143322475570032	0.048859934853420196	0.05211726384364821	0.08469055374592833	0.029315960912052116	0.048859934853420196	0.03908794788273615	0.10097719869706841	0.026058631921824105	0.029315960912052116	0.048859934853420196	0.019543973941368076	0.05863192182410423	0.07166123778501629	0.06514657980456026	0.06514657980456026	0.009771986970684038	0.03257328990228013
P60656	0.10457516339869281	0.013071895424836602	0.0915032679738562	0.0392156862745098	0.05555555555555555	0.08823529411764706	0.042483660130718956	0.042483660130718956	0.0392156862745098	0.0915032679738562	0.03594771241830065	0.032679738562091505	0.042483660130718956	0.032679738562091505	0.0457516339869281	0.0392156862745098	0.05555555555555555	0.0718954248366013	0.00980392156862745	0.026143790849673203
P9WQ04	0.12686567164179105	0.007462686567164179	0.06965174129353234	0.05721393034825871	0.022388059701492536	0.08208955223880597	0.029850746268656716	0.03482587064676617	0.004975124378109453	0.12189054726368159	0.02736318407960199	0.022388059701492536	0.05721393034825871	0.02736318407960199	0.08208955223880597	0.04477611940298507	0.06716417910447761	0.0945273631840796	0.007462686567164179	0.012437810945273632
B7IV32	0.05609756097560976	0.007317073170731708	0.05365853658536585	0.09268292682926829	0.03170731707317073	0.05853658536585366	0.02926829268292683	0.08048780487804878	0.07073170731707316	0.10975609756097561	0.02926829268292683	0.041463414634146344	0.04878048780487805	0.026829268292682926	0.06097560975609756	0.046341463414634146	0.04878048780487805	0.06341463414634146	0.004878048780487805	0.03902439024390244
Q9W6S5	0.06426735218508997	0.02056555269922879	0.05141388174807198	0.06940874035989718	0.05141388174807198	0.09254498714652956	0.04627249357326478	0.061696658097686374	0.06940874035989718	0.08483290488431877	0.017994858611825194	0.038560411311053984	0.06940874035989718	0.028277634961439587	0.04884318766066838	0.04884318766066838	0.04627249357326478	0.043701799485861184	0.028277634961439587	0.017994858611825194
C3JXY6	0.11830357142857142	0.015625	0.05357142857142857	0.049107142857142856	0.04017857142857143	0.08035714285714286	0.033482142857142856	0.020089285714285716	0.03125	0.10267857142857142	0.024553571428571428	0.044642857142857144	0.04241071428571429	0.06696428571428571	0.049107142857142856	0.0625	0.04241071428571429	0.08258928571428571	0.006696428571428571	0.033482142857142856
Q63QS9	0.12202380952380952	0.008928571428571428	0.07738095238095238	0.041666666666666664	0.03869047619047619	0.08928571428571429	0.03273809523809524	0.020833333333333332	0.017857142857142856	0.08630952380952381	0.02976190476190476	0.03869047619047619	0.07738095238095238	0.020833333333333332	0.08928571428571429	0.03273809523809524	0.05357142857142857	0.0744047619047619	0.023809523809523808	0.023809523809523808
B2T314	0.13452914798206278	0.011210762331838564	0.07174887892376682	0.05605381165919283	0.04484304932735426	0.06502242152466367	0.03139013452914798	0.02466367713004484	0.026905829596412557	0.09865470852017937	0.011210762331838564	0.04484304932735426	0.04932735426008968	0.042600896860986545	0.07847533632286996	0.04932735426008968	0.053811659192825115	0.07623318385650224	0.006726457399103139	0.02242152466367713
O95865	0.09824561403508772	0.017543859649122806	0.05964912280701754	0.05263157894736842	0.02456140350877193	0.12631578947368421	0.02456140350877193	0.021052631578947368	0.02456140350877193	0.15087719298245614	0.010526315789473684	0.010526315789473684	0.07719298245614035	0.028070175438596492	0.06666666666666667	0.07017543859649122	0.05263157894736842	0.07368421052631578	0.007017543859649123	0.0035087719298245615
A8FX76	0.12134831460674157	0.011235955056179775	0.060674157303370786	0.051685393258426963	0.0449438202247191	0.056179775280898875	0.04269662921348315	0.04044943820224719	0.04943820224719101	0.09213483146067415	0.024719101123595506	0.06741573033707865	0.0449438202247191	0.051685393258426963	0.04269662921348315	0.056179775280898875	0.056179775280898875	0.060674157303370786	0.0044943820224719105	0.020224719101123594
Q4KJT9	0.1346153846153846	0.02564102564102564	0.057692307692307696	0.04807692307692308	0.02564102564102564	0.08974358974358974	0.041666666666666664	0.03205128205128205	0.009615384615384616	0.1346153846153846	0.016025641025641024	0.022435897435897436	0.04807692307692308	0.07051282051282051	0.07692307692307693	0.04807692307692308	0.02564102564102564	0.05448717948717949	0.019230769230769232	0.019230769230769232
P20717	0.04962406015037594	0.01804511278195489	0.06315789473684211	0.07368421052631578	0.05413533834586466	0.06917293233082707	0.016541353383458645	0.04962406015037594	0.061654135338345864	0.09774436090225563	0.02706766917293233	0.031578947368421054	0.05714285714285714	0.03759398496240601	0.04962406015037594	0.06015037593984962	0.05263157894736842	0.081203007518797	0.016541353383458645	0.03308270676691729
Q0HYZ3	0.1	0.021621621621621623	0.07027027027027027	0.062162162162162166	0.02972972972972973	0.0891891891891892	0.024324324324324326	0.04864864864864865	0.03783783783783784	0.07567567567567568	0.024324324324324326	0.043243243243243246	0.062162162162162166	0.05405405405405406	0.03783783783783784	0.02702702702702703	0.06486486486486487	0.07027027027027027	0.02702702702702703	0.02972972972972973
P60111	0.11607142857142858	0.023809523809523808	0.08630952380952381	0.03869047619047619	0.047619047619047616	0.0625	0.0625	0.047619047619047616	0.03571428571428571	0.09226190476190477	0.008928571428571428	0.03869047619047619	0.044642857142857144	0.050595238095238096	0.044642857142857144	0.05654761904761905	0.02976190476190476	0.05952380952380952	0.017857142857142856	0.03571428571428571
Q321N7	0.10738255033557047	0.006711409395973154	0.05145413870246085	0.06040268456375839	0.042505592841163314	0.06935123042505593	0.029082774049217	0.020134228187919462	0.020134228187919462	0.11409395973154363	0.02237136465324385	0.06487695749440715	0.05145413870246085	0.058165548098434	0.06935123042505593	0.06487695749440715	0.03131991051454139	0.08501118568232663	0.011185682326621925	0.020134228187919462
Q9CEY6	0.06557377049180328	0.02185792349726776	0.08469945355191257	0.07377049180327869	0.040983606557377046	0.07377049180327869	0.01639344262295082	0.0546448087431694	0.060109289617486336	0.060109289617486336	0.0273224043715847	0.05191256830601093	0.04918032786885246	0.0546448087431694	0.04644808743169399	0.03278688524590164	0.0546448087431694	0.08469945355191257	0.01912568306010929	0.0273224043715847
Q141D2	0.12780269058295965	0.011210762331838564	0.07399103139013453	0.05829596412556054	0.04708520179372197	0.06726457399103139	0.02914798206278027	0.020179372197309416	0.026905829596412557	0.09641255605381166	0.013452914798206279	0.04484304932735426	0.053811659192825115	0.03587443946188341	0.08071748878923767	0.053811659192825115	0.0515695067264574	0.07847533632286996	0.006726457399103139	0.02242152466367713
A2RGS6	0.07317073170731707	0.009146341463414634	0.07926829268292683	0.027439024390243903	0.06097560975609756	0.09146341463414634	0.036585365853658534	0.054878048780487805	0.039634146341463415	0.0975609756097561	0.03048780487804878	0.04878048780487805	0.039634146341463415	0.051829268292682924	0.036585365853658534	0.057926829268292686	0.042682926829268296	0.07317073170731707	0.006097560975609756	0.042682926829268296
A8APF8	0.10457516339869281	0.013071895424836602	0.0915032679738562	0.0392156862745098	0.05555555555555555	0.08823529411764706	0.03594771241830065	0.0457516339869281	0.03594771241830065	0.0915032679738562	0.032679738562091505	0.042483660130718956	0.042483660130718956	0.032679738562091505	0.0457516339869281	0.0392156862745098	0.05555555555555555	0.0718954248366013	0.00980392156862745	0.026143790849673203
P77425	0.08029197080291971	0.019464720194647202	0.05596107055961071	0.0681265206812652	0.0413625304136253	0.08029197080291971	0.021897810218978103	0.0535279805352798	0.0364963503649635	0.0827250608272506	0.0340632603406326	0.051094890510948905	0.051094890510948905	0.0413625304136253	0.05596107055961071	0.0413625304136253	0.0705596107055961	0.072992700729927	0.0170316301703163	0.024330900243309004
A7X5U0	0.08681672025723473	0.006430868167202572	0.07717041800643087	0.06109324758842444	0.04501607717041801	0.06752411575562701	0.03858520900321544	0.06430868167202572	0.06430868167202572	0.08681672025723473	0.022508038585209004	0.03536977491961415	0.03858520900321544	0.04180064308681672	0.03215434083601286	0.06109324758842444	0.06109324758842444	0.06752411575562701	0.003215434083601286	0.03858520900321544
A3NXG1	0.16367713004484305	0.011210762331838564	0.07174887892376682	0.05605381165919283	0.042600896860986545	0.06950672645739911	0.026905829596412557	0.02466367713004484	0.026905829596412557	0.10089686098654709	0.011210762331838564	0.042600896860986545	0.04932735426008968	0.033632286995515695	0.07847533632286996	0.053811659192825115	0.03587443946188341	0.07174887892376682	0.006726457399103139	0.02242152466367713
Q2SKP0	0.10538116591928251	0.01569506726457399	0.06726457399103139	0.04708520179372197	0.04484304932735426	0.06278026905829596	0.03587443946188341	0.020179372197309416	0.042600896860986545	0.10986547085201794	0.02466367713004484	0.053811659192825115	0.04484304932735426	0.053811659192825115	0.0515695067264574	0.05605381165919283	0.0515695067264574	0.08071748878923767	0.004484304932735426	0.026905829596412557
Q82LL5	0.12234042553191489	0	0.06648936170212766	0.061170212765957445	0.0398936170212766	0.10904255319148937	0.031914893617021274	0.02925531914893617	0.013297872340425532	0.06648936170212766	0.010638297872340425	0.034574468085106384	0.061170212765957445	0.031914893617021274	0.09308510638297872	0.04521276595744681	0.05851063829787234	0.07446808510638298	0.023936170212765957	0.026595744680851064
Q0KFM5	0.14873417721518986	0.0189873417721519	0.09177215189873418	0.0379746835443038	0.022151898734177215	0.0949367088607595	0.03164556962025317	0.028481012658227847	0.0031645569620253164	0.12341772151898735	0.015822784810126583	0.028481012658227847	0.05063291139240506	0.0379746835443038	0.07911392405063292	0.03481012658227848	0.04113924050632911	0.07911392405063292	0.012658227848101266	0.0189873417721519
Q2KJ64	0.046583850931677016	0.015527950310559006	0.062111801242236024	0.06521739130434782	0.031055900621118012	0.10248447204968944	0.024844720496894408	0.062111801242236024	0.08074534161490683	0.09937888198757763	0.018633540372670808	0.021739130434782608	0.06832298136645963	0.015527950310559006	0.034161490683229816	0.062111801242236024	0.06832298136645963	0.08385093167701864	0.006211180124223602	0.031055900621118012
B7J0T5	0.05121951219512195	0.007317073170731708	0.05609756097560976	0.08536585365853659	0.05853658536585366	0.05121951219512195	0.01707317073170732	0.09024390243902439	0.07560975609756097	0.09024390243902439	0.024390243902439025	0.06829268292682927	0.03170731707317073	0.00975609756097561	0.046341463414634146	0.07804878048780488	0.03902439024390244	0.07317073170731707	0.00975609756097561	0.036585365853658534
Q9ULC6	0.04524886877828054	0.021116138763197588	0.06636500754147813	0.06033182503770739	0.05128205128205128	0.07541478129713423	0.02262443438914027	0.03469079939668175	0.058823529411764705	0.10256410256410256	0.02564102564102564	0.03619909502262444	0.06636500754147813	0.03770739064856712	0.05580693815987934	0.0693815987933635	0.03770739064856712	0.08748114630467571	0.015082956259426848	0.030165912518853696
Q988I1	0.07281553398058252	0.01699029126213592	0.06553398058252427	0.06796116504854369	0.02912621359223301	0.09951456310679611	0.024271844660194174	0.04854368932038835	0.043689320388349516	0.09466019417475728	0.02912621359223301	0.038834951456310676	0.043689320388349516	0.021844660194174758	0.06310679611650485	0.03155339805825243	0.0703883495145631	0.08737864077669903	0.019417475728155338	0.03155339805825243
Q72JK8	0.10580204778156997	0	0.04778156996587031	0.09215017064846416	0.03754266211604096	0.08191126279863481	0.04778156996587031	0.030716723549488054	0.023890784982935155	0.14675767918088736	0.020477815699658702	0.0034129692832764505	0.06825938566552901	0.023890784982935155	0.07167235494880546	0.05460750853242321	0.013651877133105802	0.08873720136518772	0.013651877133105802	0.027303754266211604
Q4R964	0.07560975609756097	0.01707317073170732	0.06829268292682927	0.06585365853658537	0.05121951219512195	0.08292682926829269	0.02195121951219512	0.06097560975609756	0.05853658536585366	0.08780487804878048	0.02195121951219512	0.03170731707317073	0.06829268292682927	0.024390243902439025	0.06341463414634146	0.05121951219512195	0.05609756097560976	0.05365853658536585	0.024390243902439025	0.014634146341463415
B7N581	0.10514541387024609	0.006711409395973154	0.05145413870246085	0.06040268456375839	0.042505592841163314	0.06935123042505593	0.029082774049217	0.020134228187919462	0.020134228187919462	0.11409395973154363	0.02237136465324385	0.06487695749440715	0.05145413870246085	0.06040268456375839	0.06711409395973154	0.06263982102908278	0.03131991051454139	0.0894854586129754	0.011185682326621925	0.020134228187919462
A2AS89	0.08100558659217877	0.025139664804469275	0.04189944134078212	0.04189944134078212	0.0223463687150838	0.1005586592178771	0.01675977653631285	0.03910614525139665	0.019553072625698324	0.11731843575418995	0.0223463687150838	0.030726256983240222	0.08100558659217877	0.04189944134078212	0.06983240223463687	0.08100558659217877	0.05307262569832402	0.08100558659217877	0.008379888268156424	0.025139664804469275
Q08642	0.04903417533432392	0.019316493313521546	0.05794947994056464	0.07578008915304606	0.05349182763744428	0.06983655274888559	0.017830609212481426	0.05052005943536404	0.05943536404160475	0.09658246656760773	0.029717682020802376	0.03417533432392273	0.05943536404160475	0.03863298662704309	0.04903417533432392	0.06092124814264487	0.04903417533432392	0.08023774145616643	0.01634472511144131	0.03268945022288262
P58013	0.06829268292682927	0.004878048780487805	0.06341463414634146	0.08536585365853659	0.036585365853658534	0.06585365853658537	0.03170731707317073	0.06585365853658537	0.05365853658536585	0.0975609756097561	0.03414634146341464	0.06097560975609756	0.046341463414634146	0.02195121951219512	0.04878048780487805	0.04878048780487805	0.07560975609756097	0.05365853658536585	0.007317073170731708	0.02926829268292683
Q92FR7	0.05392156862745098	0.004901960784313725	0.04656862745098039	0.11274509803921569	0.04656862745098039	0.05392156862745098	0.0196078431372549	0.07107843137254902	0.06372549019607843	0.10049019607843138	0.0392156862745098	0.049019607843137254	0.05392156862745098	0.029411764705882353	0.061274509803921566	0.061274509803921566	0.04411764705882353	0.061274509803921566	0.004901960784313725	0.022058823529411766
P70708	0.043674698795180725	0.03463855421686747	0.07078313253012049	0.06626506024096386	0.05120481927710843	0.07078313253012049	0.0286144578313253	0.045180722891566265	0.03162650602409638	0.0963855421686747	0.02108433734939759	0.03765060240963856	0.06325301204819277	0.03463855421686747	0.0677710843373494	0.06325301204819277	0.0391566265060241	0.09186746987951808	0.015060240963855422	0.02710843373493976
Q6LPX9	0.07575757575757576	0.012121212121212121	0.08787878787878788	0.06363636363636363	0.051515151515151514	0.1	0.024242424242424242	0.045454545454545456	0.03939393939393939	0.07575757575757576	0.012121212121212121	0.045454545454545456	0.03939393939393939	0.04242424242424243	0.06060606060606061	0.0696969696969697	0.03939393939393939	0.0696969696969697	0.024242424242424242	0.021212121212121213
P07824	0.05263157894736842	0.009287925696594427	0.05572755417956656	0.06191950464396285	0.034055727554179564	0.1021671826625387	0.02786377708978328	0.06191950464396285	0.0804953560371517	0.08668730650154799	0.015479876160990712	0.030959752321981424	0.07430340557275542	0.015479876160990712	0.034055727554179564	0.058823529411764705	0.07430340557275542	0.08978328173374613	0.006191950464396285	0.02786377708978328
B2HDL4	0.11691542288557213	0.007462686567164179	0.06467661691542288	0.06716417910447761	0.024875621890547265	0.07711442786069651	0.024875621890547265	0.04228855721393035	0.007462686567164179	0.11442786069651742	0.024875621890547265	0.022388059701492536	0.05721393034825871	0.02736318407960199	0.08706467661691543	0.0472636815920398	0.06218905472636816	0.1044776119402985	0.007462686567164179	0.012437810945273632
B3PNI8	0.06601466992665037	0.004889975550122249	0.07090464547677261	0.07579462102689487	0.044009779951100246	0.05867970660146699	0.02444987775061125	0.06845965770171149	0.07579462102689487	0.10757946210268948	0.022004889975550123	0.04645476772616137	0.04645476772616137	0.017114914425427872	0.04156479217603912	0.05623471882640587	0.05134474327628362	0.07823960880195599	0.009779951100244499	0.034229828850855744
Q9I6J9	0.08967391304347826	0.019021739130434784	0.08423913043478261	0.07608695652173914	0.03260869565217391	0.08423913043478261	0.021739130434782608	0.057065217391304345	0.024456521739130436	0.06521739130434782	0.01358695652173913	0.043478260869565216	0.06793478260869565	0.03804347826086957	0.08152173913043478	0.035326086956521736	0.04076086956521739	0.07336956521739131	0.02717391304347826	0.024456521739130436
B7UY35	0.125	0.017857142857142856	0.06473214285714286	0.05580357142857143	0.046875	0.07366071428571429	0.033482142857142856	0.017857142857142856	0.033482142857142856	0.09821428571428571	0.022321428571428572	0.044642857142857144	0.04241071428571429	0.046875	0.06473214285714286	0.06696428571428571	0.03571428571428571	0.08035714285714286	0.006696428571428571	0.022321428571428572
Q5WVZ3	0.08482142857142858	0.017857142857142856	0.05357142857142857	0.05133928571428571	0.033482142857142856	0.046875	0.03794642857142857	0.05803571428571429	0.05357142857142857	0.12723214285714285	0.020089285714285716	0.07589285714285714	0.046875	0.060267857142857144	0.03125	0.06919642857142858	0.03571428571428571	0.049107142857142856	0.004464285714285714	0.04241071428571429
C1CDR9	0.09141274238227147	0.0110803324099723	0.07202216066481995	0.09418282548476455	0.027700831024930747	0.07479224376731301	0.0221606648199446	0.05817174515235457	0.04986149584487535	0.09141274238227147	0.013850415512465374	0.036011080332409975	0.060941828254847646	0.04155124653739612	0.0332409972299169	0.0332409972299169	0.04986149584487535	0.06925207756232687	0.019390581717451522	0.04986149584487535
B4TC42	0.15335463258785942	0.019169329073482427	0.07348242811501597	0.04472843450479233	0.03514376996805112	0.07348242811501597	0.025559105431309903	0.03194888178913738	0.019169329073482427	0.09904153354632587	0.019169329073482427	0.025559105431309903	0.04792332268370607	0.06389776357827476	0.07987220447284345	0.038338658146964855	0.04153354632587859	0.0670926517571885	0.03194888178913738	0.009584664536741214
B4THG3	0.10457516339869281	0.013071895424836602	0.0915032679738562	0.0392156862745098	0.05555555555555555	0.08823529411764706	0.042483660130718956	0.042483660130718956	0.0392156862745098	0.0915032679738562	0.03594771241830065	0.032679738562091505	0.042483660130718956	0.032679738562091505	0.0457516339869281	0.0392156862745098	0.05555555555555555	0.0718954248366013	0.00980392156862745	0.026143790849673203
Q8XW30	0.18153846153846154	0.015384615384615385	0.07384615384615385	0.036923076923076927	0.024615384615384615	0.10461538461538461	0.033846153846153845	0.036923076923076927	0.003076923076923077	0.10461538461538461	0.012307692307692308	0.018461538461538463	0.055384615384615386	0.03076923076923077	0.09846153846153846	0.036923076923076927	0.024615384615384615	0.08307692307692308	0.015384615384615385	0.009230769230769232
P60657	0.10784313725490197	0.013071895424836602	0.0915032679738562	0.0392156862745098	0.05555555555555555	0.08496732026143791	0.03594771241830065	0.042483660130718956	0.0392156862745098	0.08823529411764706	0.03594771241830065	0.0392156862745098	0.042483660130718956	0.032679738562091505	0.0457516339869281	0.0392156862745098	0.05555555555555555	0.07516339869281045	0.00980392156862745	0.026143790849673203
Q5X741	0.08150470219435736	0.02821316614420063	0.05956112852664577	0.05642633228840126	0.05642633228840126	0.06583072100313479	0.03134796238244514	0.06269592476489028	0.06269592476489028	0.11912225705329153	0.01567398119122257	0.05329153605015674	0.047021943573667714	0.05956112852664577	0.0219435736677116	0.05642633228840126	0.03761755485893417	0.034482758620689655	0.012539184952978056	0.03761755485893417
B2JCG4	0.13452914798206278	0.008968609865470852	0.06950672645739911	0.06053811659192825	0.04484304932735426	0.06726457399103139	0.026905829596412557	0.02242152466367713	0.03811659192825112	0.10089686098654709	0.01569506726457399	0.042600896860986545	0.04932735426008968	0.03811659192825112	0.07623318385650224	0.053811659192825115	0.042600896860986545	0.07847533632286996	0.006726457399103139	0.02242152466367713
A3D5H7	0.11036036036036036	0.013513513513513514	0.05405405405405406	0.0518018018018018	0.04279279279279279	0.0518018018018018	0.04054054054054054	0.038288288288288286	0.04504504504504504	0.1036036036036036	0.02927927927927928	0.06756756756756757	0.04954954954954955	0.05855855855855856	0.038288288288288286	0.0472972972972973	0.05855855855855856	0.06531531531531531	0.0045045045045045045	0.02927927927927928
A0KF85	0.14968152866242038	0.01592356687898089	0.07006369426751592	0.050955414012738856	0.03503184713375796	0.09554140127388536	0.03503184713375796	0.03184713375796178	0.022292993630573247	0.1178343949044586	0.01592356687898089	0.028662420382165606	0.054140127388535034	0.03503184713375796	0.07643312101910828	0.03503184713375796	0.022292993630573247	0.07643312101910828	0.01910828025477707	0.012738853503184714
P19452	0.15315315315315314	0.02252252252252252	0.06756756756756757	0.06756756756756757	0.04054054054054054	0.08108108108108109	0.02702702702702703	0.04054054054054054	0.013513513513513514	0.12162162162162163	0.0045045045045045045	0.018018018018018018	0.04054054054054054	0.05405405405405406	0.08108108108108109	0.02252252252252252	0.04054054054054054	0.07657657657657657	0.018018018018018018	0.009009009009009009
B1LDE6	0.10784313725490197	0.013071895424836602	0.0915032679738562	0.0392156862745098	0.05555555555555555	0.08496732026143791	0.03594771241830065	0.042483660130718956	0.0392156862745098	0.08823529411764706	0.03594771241830065	0.0392156862745098	0.042483660130718956	0.032679738562091505	0.0457516339869281	0.0392156862745098	0.05555555555555555	0.07516339869281045	0.00980392156862745	0.026143790849673203
A1R0R8	0.04645476772616137	0.007334963325183374	0.06601466992665037	0.07090464547677261	0.05378973105134474	0.05623471882640587	0.019559902200488997	0.09046454767726161	0.05134474327628362	0.08557457212713937	0.03178484107579462	0.044009779951100246	0.03667481662591687	0.034229828850855744	0.06601466992665037	0.07334963325183375	0.05867970660146699	0.061124694376528114	0.004889975550122249	0.04156479217603912
Q0SWK6	0.05811138014527845	0.009685230024213076	0.07506053268765134	0.09927360774818401	0.04600484261501211	0.053268765133171914	0.024213075060532687	0.06537530266343826	0.06295399515738499	0.09927360774818401	0.021791767554479417	0.03631961259079903	0.043583535108958835	0.01937046004842615	0.06537530266343826	0.05084745762711865	0.053268765133171914	0.07506053268765134	0.004842615012106538	0.03631961259079903
A3QF43	0.11910112359550562	0.011235955056179775	0.051685393258426963	0.058426966292134834	0.038202247191011236	0.058426966292134834	0.04269662921348315	0.0449438202247191	0.05393258426966292	0.09662921348314607	0.017977528089887642	0.0696629213483146	0.04719101123595506	0.058426966292134834	0.03146067415730337	0.04719101123595506	0.05393258426966292	0.06292134831460675	0.0044943820224719105	0.03146067415730337
A7X719	0.04866180048661801	0.009732360097323601	0.0827250608272506	0.0827250608272506	0.043795620437956206	0.058394160583941604	0.024330900243309004	0.0948905109489051	0.06326034063260341	0.08759124087591241	0.024330900243309004	0.043795620437956206	0.046228710462287104	0.031630170316301706	0.058394160583941604	0.04866180048661801	0.046228710462287104	0.0681265206812652	0.0072992700729927005	0.029197080291970802
B9DUZ0	0.06829268292682927	0.004878048780487805	0.06097560975609756	0.10975609756097561	0.041463414634146344	0.06829268292682927	0.01951219512195122	0.07560975609756097	0.06097560975609756	0.0975609756097561	0.03170731707317073	0.05853658536585366	0.036585365853658534	0.014634146341463415	0.05609756097560976	0.04390243902439024	0.04878048780487805	0.06585365853658537	0.0024390243902439024	0.03414634146341464
B4ECZ9	0.15695067264573992	0.008968609865470852	0.06726457399103139	0.05829596412556054	0.042600896860986545	0.06278026905829596	0.02914798206278027	0.02466367713004484	0.03139013452914798	0.10089686098654709	0.008968609865470852	0.0515695067264574	0.04708520179372197	0.03587443946188341	0.06950672645739911	0.05605381165919283	0.04932735426008968	0.06950672645739911	0.006726457399103139	0.02242152466367713
C1CNC2	0.061124694376528114	0.004889975550122249	0.06845965770171149	0.10757946210268948	0.044009779951100246	0.06356968215158924	0.02444987775061125	0.06845965770171149	0.06601466992665037	0.10757946210268948	0.022004889975550123	0.04645476772616137	0.039119804400977995	0.02689486552567237	0.05623471882640587	0.034229828850855744	0.044009779951100246	0.07579462102689487	0.0024449877750611247	0.03667481662591687
Q5X4K3	0.08928571428571429	0.015625	0.05357142857142857	0.05133928571428571	0.033482142857142856	0.046875	0.03794642857142857	0.05803571428571429	0.05580357142857143	0.12723214285714285	0.020089285714285716	0.07589285714285714	0.044642857142857144	0.0625	0.026785714285714284	0.07589285714285714	0.03125	0.046875	0.004464285714285714	0.04241071428571429
B5FUJ0	0.10457516339869281	0.013071895424836602	0.0915032679738562	0.0392156862745098	0.05555555555555555	0.08823529411764706	0.042483660130718956	0.042483660130718956	0.0392156862745098	0.0915032679738562	0.03594771241830065	0.029411764705882353	0.042483660130718956	0.032679738562091505	0.0457516339869281	0.042483660130718956	0.05555555555555555	0.0718954248366013	0.00980392156862745	0.026143790849673203
A8LN36	0.08068459657701711	0.017114914425427872	0.061124694376528114	0.07090464547677261	0.039119804400977995	0.1100244498777506	0.029339853300733496	0.03178484107579462	0.034229828850855744	0.09535452322738386	0.04156479217603912	0.034229828850855744	0.05623471882640587	0.02444987775061125	0.06601466992665037	0.029339853300733496	0.06356968215158924	0.07823960880195599	0.019559902200488997	0.017114914425427872
Q5Z0G1	0.16129032258064516	0.00967741935483871	0.07419354838709677	0.03870967741935484	0.035483870967741936	0.1032258064516129	0.025806451612903226	0.02903225806451613	0.0064516129032258064	0.09032258064516129	0.00967741935483871	0.01935483870967742	0.07741935483870968	0.01935483870967742	0.08387096774193549	0.035483870967741936	0.054838709677419356	0.1	0.0064516129032258064	0.01935483870967742
Q9A7W1	0.16143497757847533	0.013452914798206279	0.05829596412556054	0.06502242152466367	0.04708520179372197	0.07174887892376682	0.026905829596412557	0.01569506726457399	0.008968609865470852	0.10762331838565023	0.013452914798206279	0.033632286995515695	0.06278026905829596	0.03139013452914798	0.09192825112107623	0.04932735426008968	0.04708520179372197	0.06726457399103139	0.013452914798206279	0.013452914798206279
Q8CNA3	0.08038585209003216	0.00964630225080386	0.08038585209003216	0.06109324758842444	0.04823151125401929	0.0707395498392283	0.04180064308681672	0.0707395498392283	0.05466237942122187	0.08681672025723473	0.01607717041800643	0.04180064308681672	0.03536977491961415	0.04823151125401929	0.03858520900321544	0.05787781350482315	0.05144694533762058	0.06430868167202572	0.003215434083601286	0.03858520900321544
Q88R68	0.09782608695652174	0.019021739130434784	0.07608695652173914	0.07065217391304347	0.03260869565217391	0.08423913043478261	0.029891304347826088	0.043478260869565216	0.021739130434782608	0.07065217391304347	0.019021739130434784	0.051630434782608696	0.06521739130434782	0.03804347826086957	0.07065217391304347	0.02717391304347826	0.04619565217391304	0.08967391304347826	0.02717391304347826	0.019021739130434784
P99158	0.08681672025723473	0.006430868167202572	0.07717041800643087	0.06109324758842444	0.04501607717041801	0.06752411575562701	0.03858520900321544	0.06430868167202572	0.06430868167202572	0.08681672025723473	0.022508038585209004	0.03536977491961415	0.03858520900321544	0.04180064308681672	0.03215434083601286	0.06109324758842444	0.06109324758842444	0.06752411575562701	0.003215434083601286	0.03858520900321544
P30759	0.06645569620253164	0.022151898734177215	0.06962025316455696	0.06329113924050633	0.028481012658227847	0.0949367088607595	0.0379746835443038	0.05063291139240506	0.0759493670886076	0.08544303797468354	0.022151898734177215	0.028481012658227847	0.06329113924050633	0.012658227848101266	0.05063291139240506	0.05063291139240506	0.06645569620253164	0.07911392405063292	0.00949367088607595	0.022151898734177215
A6V7Y9	0.09337349397590361	0.012048192771084338	0.0783132530120482	0.0572289156626506	0.04216867469879518	0.10240963855421686	0.04819277108433735	0.03614457831325301	0.02108433734939759	0.09036144578313253	0.018072289156626505	0.030120481927710843	0.06325301204819277	0.03313253012048193	0.08433734939759036	0.05120481927710843	0.030120481927710843	0.060240963855421686	0.030120481927710843	0.018072289156626505
Q1BXP0	0.1547085201793722	0.008968609865470852	0.06950672645739911	0.05605381165919283	0.042600896860986545	0.06278026905829596	0.02914798206278027	0.02466367713004484	0.03139013452914798	0.10089686098654709	0.008968609865470852	0.04932735426008968	0.04708520179372197	0.03587443946188341	0.07174887892376682	0.05605381165919283	0.0515695067264574	0.06950672645739911	0.006726457399103139	0.02242152466367713
Q4ZVG8	0.07854984894259819	0.00906344410876133	0.06948640483383686	0.06042296072507553	0.04833836858006042	0.09667673716012085	0.03323262839879154	0.0513595166163142	0.04229607250755287	0.07250755287009064	0.015105740181268883	0.04833836858006042	0.045317220543806644	0.027190332326283987	0.0634441087613293	0.06646525679758308	0.045317220543806644	0.07854984894259819	0.027190332326283987	0.021148036253776436
Q81JT1	0.06551724137931035	0.0034482758620689655	0.06551724137931035	0.09655172413793103	0.041379310344827586	0.07931034482758621	0.02413793103448276	0.06206896551724138	0.05862068965517241	0.0896551724137931	0.03103448275862069	0.020689655172413793	0.06896551724137931	0.006896551724137931	0.041379310344827586	0.07241379310344828	0.027586206896551724	0.08620689655172414	0.013793103448275862	0.04482758620689655
A0K609	0.1547085201793722	0.008968609865470852	0.06950672645739911	0.05605381165919283	0.042600896860986545	0.06278026905829596	0.02914798206278027	0.02466367713004484	0.03139013452914798	0.10089686098654709	0.008968609865470852	0.04932735426008968	0.04708520179372197	0.03587443946188341	0.07174887892376682	0.05605381165919283	0.0515695067264574	0.06950672645739911	0.006726457399103139	0.02242152466367713
Q9Z184	0.04819277108433735	0.03313253012048193	0.0677710843373494	0.06626506024096386	0.05421686746987952	0.07078313253012049	0.02710843373493976	0.046686746987951805	0.03463855421686747	0.0963855421686747	0.01957831325301205	0.04216867469879518	0.061746987951807226	0.03313253012048193	0.06927710843373494	0.0572289156626506	0.03765060240963856	0.09337349397590361	0.015060240963855422	0.025602409638554216
Q93K67	0.06862745098039216	0.007352941176470588	0.07107843137254902	0.1053921568627451	0.04656862745098039	0.058823529411764705	0.024509803921568627	0.08823529411764706	0.056372549019607844	0.09558823529411764	0.029411764705882353	0.04411764705882353	0.03676470588235294	0.03431372549019608	0.058823529411764705	0.0392156862745098	0.04411764705882353	0.051470588235294115	0.0024509803921568627	0.03676470588235294
A4XWE6	0.125	0.017857142857142856	0.049107142857142856	0.05803571428571429	0.04241071428571429	0.07366071428571429	0.029017857142857144	0.017857142857142856	0.03125	0.09598214285714286	0.026785714285714284	0.044642857142857144	0.049107142857142856	0.05133928571428571	0.05803571428571429	0.07142857142857142	0.03794642857142857	0.08482142857142858	0.006696428571428571	0.029017857142857144
Q1I6Z6	0.11804008908685969	0.015590200445434299	0.053452115812917596	0.05790645879732739	0.042316258351893093	0.08240534521158129	0.024498886414253896	0.017817371937639197	0.0378619153674833	0.0935412026726058	0.022271714922048998	0.042316258351893093	0.044543429844097995	0.05790645879732739	0.05790645879732739	0.066815144766147	0.0378619153674833	0.08908685968819599	0.0066815144766146995	0.031180400890868598
P60651	0.10784313725490197	0.013071895424836602	0.0915032679738562	0.0392156862745098	0.05555555555555555	0.08496732026143791	0.03594771241830065	0.042483660130718956	0.0392156862745098	0.08823529411764706	0.03594771241830065	0.0392156862745098	0.042483660130718956	0.032679738562091505	0.0457516339869281	0.0392156862745098	0.05555555555555555	0.07516339869281045	0.00980392156862745	0.026143790849673203
Q9KUU2	0.06633906633906633	0.012285012285012284	0.05896805896805897	0.06633906633906633	0.03194103194103194	0.07371007371007371	0.04914004914004914	0.04914004914004914	0.03194103194103194	0.12039312039312039	0.029484029484029485	0.05405405405405406	0.051597051597051594	0.029484029484029485	0.06633906633906633	0.03931203931203931	0.056511056511056514	0.07125307125307126	0.012285012285012284	0.029484029484029485
Q6G7E9	0.039735099337748346	0	0.0728476821192053	0.0695364238410596	0.026490066225165563	0.08609271523178808	0.03642384105960265	0.08940397350993377	0.06291390728476821	0.11920529801324503	0.016556291390728478	0.06291390728476821	0.039735099337748346	0.023178807947019868	0.03642384105960265	0.0728476821192053	0.046357615894039736	0.0728476821192053	0.0033112582781456954	0.023178807947019868
Q8NVE3	0.039735099337748346	0	0.0728476821192053	0.0695364238410596	0.026490066225165563	0.08609271523178808	0.03642384105960265	0.08940397350993377	0.06291390728476821	0.11920529801324503	0.016556291390728478	0.06291390728476821	0.039735099337748346	0.023178807947019868	0.03642384105960265	0.0728476821192053	0.046357615894039736	0.0728476821192053	0.0033112582781456954	0.023178807947019868
Q87LG0	0.0687960687960688	0.012285012285012284	0.07371007371007371	0.07371007371007371	0.02702702702702703	0.07371007371007371	0.036855036855036855	0.04668304668304668	0.0343980343980344	0.11793611793611794	0.0343980343980344	0.03931203931203931	0.04668304668304668	0.03194103194103194	0.06142506142506143	0.04668304668304668	0.056511056511056514	0.07125307125307126	0.012285012285012284	0.0343980343980344
O94760	0.09473684210526316	0.021052631578947368	0.06315789473684211	0.08070175438596491	0.02456140350877193	0.06666666666666667	0.031578947368421054	0.03859649122807018	0.06666666666666667	0.11228070175438597	0.031578947368421054	0.028070175438596492	0.0456140350877193	0.031578947368421054	0.0456140350877193	0.06315789473684211	0.03859649122807018	0.09473684210526316	0	0.021052631578947368
