P0CM40	0.07394766780432309	0.009101251422070534	0.055745164960182024	0.06370875995449374	0.06939704209328783	0.07622298065984073	0.03299203640500569	0.05915813424345848	0.04664391353811149	0.10011376564277588	0.017064846416382253	0.030716723549488054	0.04436860068259386	0.022753128555176336	0.07394766780432309	0.07394766780432309	0.04323094425483504	0.06370875995449374	0.013651877133105802	0.02957906712172924
Q75AQ4	0.04987531172069826	0.0199501246882793	0.057356608478802994	0.03740648379052369	0.03740648379052369	0.06982543640897755	0.03740648379052369	0.0773067331670823	0.057356608478802994	0.08229426433915212	0.022443890274314215	0.03740648379052369	0.04239401496259352	0.04738154613466334	0.06483790523690773	0.08977556109725686	0.04738154613466334	0.07231920199501247	0.0199501246882793	0.029925187032418952
Q91VR7	0.03305785123966942	0.008264462809917356	0.06611570247933884	0.06611570247933884	0.06611570247933884	0.024793388429752067	0.024793388429752067	0.06611570247933884	0.0743801652892562	0.0743801652892562	0.03305785123966942	0.024793388429752067	0.06611570247933884	0.08264462809917356	0.0743801652892562	0.06611570247933884	0.03305785123966942	0.08264462809917356	0	0.03305785123966942
Q55GH4	0.05466970387243736	0.0056947608200455585	0.03302961275626424	0.05239179954441914	0.04669703872437358	0.05353075170842825	0.025056947608200455	0.05353075170842825	0.06150341685649203	0.0888382687927107	0.02619589977220957	0.06036446469248292	0.06719817767653759	0.04214123006833713	0.03530751708428246	0.0979498861047836	0.11047835990888383	0.04669703872437358	0.010250569476082005	0.02847380410022779
O94649	0.040097205346294046	0.009720534629404616	0.057715674362089915	0.06500607533414338	0.050425273390036454	0.0425273390036452	0.01701093560145808	0.07047387606318348	0.053462940461725394	0.12515188335358446	0.014580801944106925	0.05710814094775213	0.03827460510328068	0.038882138517618466	0.03766707168894289	0.13001215066828675	0.05285540704738761	0.0637910085054678	0.006682867557715674	0.028554070473876064
O41515	0.024	0.008	0.04	0.096	0.056	0.032	0.024	0.064	0.08	0.088	0.04	0.032	0.048	0.056	0.072	0.064	0.048	0.096	0	0.032
O75143	0.06382978723404255	0.017408123791102514	0.061895551257253385	0.06576402321083172	0.0425531914893617	0.061895551257253385	0.02321083172147002	0.048355899419729204	0.0425531914893617	0.08704061895551257	0.025145067698259187	0.030947775628626693	0.07156673114119923	0.04061895551257253	0.0425531914893617	0.10444874274661509	0.07156673114119923	0.06963249516441006	0.0038684719535783366	0.025145067698259187
Q8IXH6	0.12727272727272726	0.013636363636363636	0.05	0.06818181818181818	0.03636363636363636	0.05	0.013636363636363636	0.022727272727272728	0.013636363636363636	0.09090909090909091	0.013636363636363636	0.013636363636363636	0.14545454545454545	0.05	0.1	0.1	0.02727272727272727	0.03636363636363636	0.00909090909090909	0.01818181818181818
Q6XVN8	0.03305785123966942	0.008264462809917356	0.06611570247933884	0.06611570247933884	0.06611570247933884	0.024793388429752067	0.024793388429752067	0.06611570247933884	0.0743801652892562	0.0743801652892562	0.03305785123966942	0.024793388429752067	0.06611570247933884	0.08264462809917356	0.0743801652892562	0.06611570247933884	0.03305785123966942	0.08264462809917356	0	0.03305785123966942
P11075	0.057242409158785465	0.012941762070681932	0.07565953210552513	0.08710801393728224	0.04728720756595321	0.03434544549527128	0.016923842707814832	0.06371329019412643	0.05774016923842708	0.10004977600796416	0.019412643106022896	0.06570433051269288	0.030363364858138377	0.042309606769537086	0.042309606769537086	0.10253857640617223	0.05774016923842708	0.05774016923842708	0.007466401194624191	0.02140368342458935
Q12142	0.0320962888665998	0.00802407221664995	0.06318956870611836	0.06820461384152457	0.0641925777331996	0.05015045135406219	0.023069207622868605	0.05917753259779338	0.06820461384152457	0.09929789368104312	0.0160481444332999	0.09428284854563691	0.03811434302908726	0.03510531594784353	0.04212637913741224	0.07723169508525576	0.05315947843530592	0.05115346038114343	0.011033099297893681	0.04613841524573721
Q5AI71	0.03361344537815126	0.012605042016806723	0.04411764705882353	0.11554621848739496	0.03991596638655462	0.029411764705882353	0.01680672268907563	0.09243697478991597	0.09033613445378151	0.10714285714285714	0.025210084033613446	0.06092436974789916	0.029411764705882353	0.05672268907563025	0.037815126050420166	0.06722689075630252	0.06512605042016807	0.03991596638655462	0.0063025210084033615	0.029411764705882353
Q5FWU3	0.07508939213349225	0.02026221692491061	0.029797377830750895	0.07032181168057211	0.05363528009535161	0.06793802145411204	0.03933253873659118	0.05125148986889154	0.023837902264600714	0.11918951132300358	0.0166865315852205	0.026221692491060787	0.0631704410011919	0.057210965435041714	0.05959475566150179	0.07270560190703218	0.04410011918951132	0.060786650774731825	0.017878426698450536	0.03098927294398093
A5A6N3	0.052742616033755275	0.0189873417721519	0.06540084388185655	0.06962025316455696	0.04430379746835443	0.06329113924050633	0.02109704641350211	0.05485232067510549	0.04430379746835443	0.08227848101265822	0.027426160337552744	0.03164556962025317	0.07172995780590717	0.0379746835443038	0.04219409282700422	0.10337552742616034	0.0759493670886076	0.06540084388185655	0.004219409282700422	0.023206751054852322
Q5BIZ2	0.042735042735042736	0	0.07692307692307693	0.08547008547008547	0.06837606837606838	0.03418803418803419	0.02564102564102564	0.042735042735042736	0.1111111111111111	0.06837606837606838	0.017094017094017096	0.02564102564102564	0.07692307692307693	0.02564102564102564	0.06837606837606838	0.03418803418803419	0.03418803418803419	0.07692307692307693	0	0.08547008547008547
Q6C2F5	0.06218274111675127	0.006345177664974619	0.06091370558375635	0.050761421319796954	0.06091370558375635	0.050761421319796954	0.024111675126903553	0.048223350253807105	0.05456852791878172	0.10406091370558376	0.03299492385786802	0.046954314720812185	0.046954314720812185	0.046954314720812185	0.0532994923857868	0.07614213197969544	0.05583756345177665	0.06852791878172589	0.01015228426395939	0.03934010152284264
Q7S083	0.08917197452229299	0.006369426751592357	0.050955414012738856	0.044585987261146494	0.044585987261146494	0.03821656050955414	0.01910828025477707	0.006369426751592357	0.03821656050955414	0.10191082802547771	0.025477707006369428	0.050955414012738856	0.07006369426751592	0.03184713375796178	0.044585987261146494	0.11464968152866242	0.08917197452229299	0.10828025477707007	0.006369426751592357	0.01910828025477707
Q9CPX6	0.06369426751592357	0.025477707006369428	0.0732484076433121	0.12420382165605096	0.022292993630573247	0.05732484076433121	0.03821656050955414	0.05732484076433121	0.0732484076433121	0.07643312101910828	0.025477707006369428	0.01592356687898089	0.044585987261146494	0.03503184713375796	0.022292993630573247	0.025477707006369428	0.08598726114649681	0.07006369426751592	0.012738853503184714	0.050955414012738856
Q06410	0.02877697841726619	0.009592326139088728	0.08633093525179857	0.08633093525179857	0.0407673860911271	0.02877697841726619	0.007194244604316547	0.07673860911270983	0.10311750599520383	0.1223021582733813	0.014388489208633094	0.07913669064748201	0.011990407673860911	0.06235011990407674	0.03357314148681055	0.05275779376498801	0.05755395683453238	0.05995203836930456	0.009592326139088728	0.02877697841726619
Q5B2Q6	0.0718562874251497	0	0.05688622754491018	0.03592814371257485	0.03293413173652695	0.05389221556886228	0.020958083832335328	0.05089820359281437	0.038922155688622756	0.10479041916167664	0.023952095808383235	0.023952095808383235	0.11077844311377245	0.05688622754491018	0.041916167664670656	0.10479041916167664	0.05089820359281437	0.0718562874251497	0.020958083832335328	0.02694610778443114
Q4A1L5	0.049107142857142856	0.020089285714285716	0.05133928571428571	0.11607142857142858	0.046875	0.05357142857142857	0.015625	0.03125	0.0625	0.109375	0.03125	0.046875	0.029017857142857144	0.06919642857142858	0.05357142857142857	0.06473214285714286	0.060267857142857144	0.049107142857142856	0.015625	0.024553571428571428
F1M391	0.0712401055408971	0.029023746701846966	0.0316622691292876	0.06596306068601583	0.03430079155672823	0.052770448548812667	0.026385224274406333	0.0395778364116095	0.029023746701846966	0.158311345646438	0.029023746701846966	0.036939313984168866	0.06068601583113457	0.047493403693931395	0.0633245382585752	0.09498680738786279	0.029023746701846966	0.05013192612137203	0.010554089709762533	0.0395778364116095
O94817	0.07857142857142857	0.014285714285714285	0.05	0.07857142857142857	0.03571428571428571	0.07857142857142857	0.007142857142857143	0.05714285714285714	0.08571428571428572	0.08571428571428572	0.014285714285714285	0.007142857142857143	0.07857142857142857	0.05	0.014285714285714285	0.07857142857142857	0.08571428571428572	0.06428571428571428	0.014285714285714285	0.02142857142857143
Q640T2	0.06395348837209303	0.0377906976744186	0.046511627906976744	0.055232558139534885	0.061046511627906974	0.07267441860465117	0.03197674418604651	0.055232558139534885	0.06976744186046512	0.08430232558139535	0.01744186046511628	0.05813953488372093	0.055232558139534885	0.03197674418604651	0.03197674418604651	0.0755813953488372	0.046511627906976744	0.06686046511627906	0.005813953488372093	0.03197674418604651
Q8RWU7	0.0429042904290429	0.006600660066006601	0.06930693069306931	0.066006600660066	0.033003300330033	0.0858085808580858	0.0165016501650165	0.039603960396039604	0.052805280528052806	0.07590759075907591	0.013201320132013201	0.0429042904290429	0.09570957095709572	0.04950495049504951	0.066006600660066	0.11551155115511551	0.056105610561056105	0.0594059405940594	0.0033003300330033004	0.009900990099009901
Q6P0F0	0.08181818181818182	0.01818181818181818	0.00909090909090909	0.01818181818181818	0.09090909090909091	0.12727272727272726	0.00909090909090909	0.02727272727272727	0.03636363636363636	0.16363636363636364	0.01818181818181818	0.01818181818181818	0.00909090909090909	0.00909090909090909	0.06363636363636363	0.08181818181818182	0.05454545454545454	0.09090909090909091	0.01818181818181818	0.05454545454545454
Q5ZHN3	0.08486238532110092	0.02981651376146789	0.045871559633027525	0.06422018348623854	0.04128440366972477	0.06422018348623854	0.02522935779816514	0.05045871559633028	0.052752293577981654	0.10091743119266056	0.02522935779816514	0.045871559633027525	0.045871559633027525	0.02981651376146789	0.04128440366972477	0.0871559633027523	0.06880733944954129	0.05963302752293578	0.0022935779816513763	0.034403669724770644
Q6GLC5	0.1	0.00909090909090909	0.00909090909090909	0.01818181818181818	0.09090909090909091	0.11818181818181818	0.00909090909090909	0.03636363636363636	0.05454545454545454	0.16363636363636364	0.01818181818181818	0.01818181818181818	0.01818181818181818	0.00909090909090909	0.045454545454545456	0.07272727272727272	0.05454545454545454	0.07272727272727272	0.01818181818181818	0.06363636363636363
Q9VCE1	0.06398104265402843	0.016587677725118485	0.06635071090047394	0.11137440758293839	0.052132701421800945	0.04265402843601896	0.02132701421800948	0.045023696682464455	0.06635071090047394	0.11374407582938388	0.023696682464454975	0.04028436018957346	0.030805687203791468	0.04976303317535545	0.04739336492890995	0.07582938388625593	0.037914691943127965	0.045023696682464455	0.02132701421800948	0.02843601895734597
Q9D8Z6	0.03669724770642202	0.022935779816513763	0.05504587155963303	0.0963302752293578	0.03669724770642202	0.05963302752293578	0.022935779816513763	0.05045871559633028	0.06880733944954129	0.0871559633027523	0.027522935779816515	0.01834862385321101	0.022935779816513763	0.04128440366972477	0.06422018348623854	0.06422018348623854	0.06880733944954129	0.11009174311926606	0.013761467889908258	0.03211009174311927
Q9W3R7	0.03717472118959108	0.01486988847583643	0.07806691449814127	0.06691449814126393	0.04460966542750929	0.048327137546468404	0.04460966542750929	0.055762081784386616	0.05947955390334572	0.12267657992565056	0.03345724907063197	0.026022304832713755	0.048327137546468404	0.03717472118959108	0.05204460966542751	0.06691449814126393	0.03717472118959108	0.05947955390334572	0.022304832713754646	0.04460966542750929
Q4X0B0	0.0998185117967332	0.003629764065335753	0.06533575317604355	0.09437386569872959	0.021778584392014518	0.050816696914700546	0.02722323049001815	0.045372050816696916	0.032667876588021776	0.10526315789473684	0.021778584392014518	0.041742286751361164	0.036297640653357534	0.032667876588021776	0.08166969147005444	0.10163339382940109	0.047186932849364795	0.06715063520871144	0.0054446460980036296	0.018148820326678767
Q75B79	0.05970149253731343	0.009328358208955223	0.05690298507462686	0.08582089552238806	0.03731343283582089	0.041044776119402986	0.017723880597014924	0.05037313432835821	0.07555970149253731	0.11753731343283583	0.018656716417910446	0.04757462686567164	0.025186567164179104	0.055970149253731345	0.05223880597014925	0.08768656716417911	0.05223880597014925	0.07369402985074627	0.011194029850746268	0.024253731343283583
Q6GQE7	0.05750798722044728	0.025559105431309903	0.08945686900958466	0.10543130990415335	0.02875399361022364	0.06070287539936102	0.038338658146964855	0.051118210862619806	0.07348242811501597	0.07028753993610223	0.02875399361022364	0.025559105431309903	0.051118210862619806	0.03514376996805112	0.022364217252396165	0.02875399361022364	0.07987220447284345	0.0670926517571885	0.012779552715654952	0.04792332268370607
Q5I0B9	0.08038585209003216	0.01929260450160772	0.07556270096463022	0.0707395498392283	0.03054662379421222	0.0594855305466238	0.02090032154340836	0.04340836012861737	0.05787781350482315	0.09485530546623794	0.01607717041800643	0.04340836012861737	0.027331189710610933	0.05305466237942122	0.07877813504823152	0.09646302250803858	0.04983922829581994	0.05144694533762058	0.01607717041800643	0.014469453376205787
Q9WUA5	0.09393939393939393	0.02727272727272727	0.03333333333333333	0.07575757575757576	0.030303030303030304	0.09090909090909091	0.048484848484848485	0.03636363636363636	0.030303030303030304	0.09393939393939393	0.03333333333333333	0.03636363636363636	0.05757575757575758	0.04242424242424243	0.048484848484848485	0.03333333333333333	0.048484848484848485	0.0696969696969697	0.030303030303030304	0.03939393939393939
P0C8Q0	0.0938337801608579	0.002680965147453083	0.08579088471849866	0.06166219839142091	0.03753351206434316	0.07238605898123325	0.013404825737265416	0.029490616621983913	0.05093833780160858	0.05630026809651475	0.00804289544235925	0.02680965147453083	0.09651474530831099	0.064343163538874	0.06702412868632708	0.0938337801608579	0.06166219839142091	0.05093833780160858	0.010723860589812333	0.0160857908847185
A1A4Y4	0.07734806629834254	0.011049723756906077	0.03867403314917127	0.07734806629834254	0.03867403314917127	0.055248618784530384	0.016574585635359115	0.04419889502762431	0.055248618784530384	0.08839779005524862	0.06077348066298342	0.06629834254143646	0.03314917127071823	0.03314917127071823	0.03314917127071823	0.08287292817679558	0.07734806629834254	0.0718232044198895	0.011049723756906077	0.027624309392265192
P0CM30	0.07441860465116279	0.004134366925064599	0.05529715762273902	0.08113695090439277	0.0351421188630491	0.06253229974160207	0.023255813953488372	0.05581395348837209	0.04547803617571059	0.10387596899224806	0.022739018087855296	0.025839793281653745	0.06614987080103359	0.03359173126614987	0.05839793281653747	0.09922480620155039	0.06614987080103359	0.06201550387596899	0.008268733850129198	0.016537467700258397
Q99J83	0.04363636363636364	0.014545454545454545	0.06909090909090909	0.08	0.05454545454545454	0.03272727272727273	0.04	0.05090909090909091	0.06545454545454546	0.10545454545454545	0.03272727272727273	0.02181818181818182	0.07272727272727272	0.05090909090909091	0.04727272727272727	0.05090909090909091	0.05090909090909091	0.05454545454545454	0.025454545454545455	0.03636363636363636
Q5B464	0.07255520504731862	0.00946372239747634	0.04100946372239748	0.0473186119873817	0.04100946372239748	0.0914826498422713	0.022082018927444796	0.0473186119873817	0.05993690851735016	0.11041009463722397	0.00946372239747634	0.04416403785488959	0.0694006309148265	0.028391167192429023	0.0473186119873817	0.0946372239747634	0.0473186119873817	0.08517350157728706	0.015772870662460567	0.015772870662460567
Q12380	0.027210884353741496	0.01020408163265306	0.05102040816326531	0.04421768707482993	0.061224489795918366	0.05442176870748299	0.017006802721088437	0.10204081632653061	0.06462585034013606	0.09523809523809523	0.027210884353741496	0.05102040816326531	0.05782312925170068	0.030612244897959183	0.04081632653061224	0.09523809523809523	0.05782312925170068	0.061224489795918366	0.027210884353741496	0.023809523809523808
Q5ZIL6	0.09293680297397769	0.01486988847583643	0.01486988847583643	0.04460966542750929	0.08550185873605948	0.05204460966542751	0.011152416356877323	0.07434944237918216	0.06319702602230483	0.137546468401487	0.01858736059479554	0.022304832713754646	0.048327137546468404	0.03717472118959108	0.03717472118959108	0.06691449814126393	0.048327137546468404	0.07434944237918216	0.011152416356877323	0.04460966542750929
P46944	0.05300859598853868	0.017191977077363897	0.06303724928366762	0.0659025787965616	0.05300859598853868	0.027220630372492838	0.024355300859598854	0.05730659025787966	0.07020057306590258	0.11604584527220631	0.03008595988538682	0.06303724928366762	0.03581661891117478	0.034383954154727794	0.044412607449856735	0.09742120343839542	0.05157593123209169	0.045845272206303724	0.012893982808022923	0.03724928366762178
P53855	0.04773869346733668	0.009422110552763818	0.0728643216080402	0.05402010050251256	0.04773869346733668	0.04522613065326633	0.019472361809045227	0.07474874371859297	0.07726130653266332	0.10678391959798995	0.016331658291457288	0.062185929648241205	0.038944723618090454	0.04459798994974874	0.03077889447236181	0.10741206030150753	0.04585427135678392	0.06469849246231156	0.005653266331658292	0.028266331658291458
Q54GT9	0.01507537688442211	0.005025125628140704	0.04271356783919598	0.04773869346733668	0.035175879396984924	0.020100502512562814	0.01507537688442211	0.08040201005025126	0.04522613065326633	0.08793969849246232	0.010050251256281407	0.271356783919598	0.06030150753768844	0.02512562814070352	0.020100502512562814	0.08542713567839195	0.02763819095477387	0.04020100502512563	0.017587939698492462	0.04773869346733668
Q9GJW7	0.05128205128205128	0	0.05982905982905983	0.09401709401709402	0.07692307692307693	0.042735042735042736	0.03418803418803419	0.05982905982905983	0.10256410256410256	0.07692307692307693	0.017094017094017096	0.017094017094017096	0.05982905982905983	0.02564102564102564	0.06837606837606838	0.042735042735042736	0.02564102564102564	0.07692307692307693	0	0.06837606837606838
Q8C0J2	0.08237232289950576	0.013179571663920923	0.07248764415156507	0.07742998352553541	0.02800658978583196	0.051070840197693576	0.026359143327841845	0.044481054365733116	0.0642504118616145	0.10214168039538715	0.016474464579901153	0.032948929159802305	0.02800658978583196	0.04942339373970346	0.06919275123558484	0.08896210873146623	0.05601317957166392	0.06589785831960461	0.018121911037891267	0.013179571663920923
Q5D891	0.05298759864712514	0.013528748590755355	0.06200676437429538	0.06989853438556934	0.036076662908680945	0.05298759864712514	0.020293122886133032	0.04284103720405862	0.08117249154453213	0.11386696730552424	0.030439684329199548	0.036076662908680945	0.05186020293122886	0.05073280721533258	0.046223224351747465	0.07215332581736189	0.04735062006764374	0.06538895152198422	0.012401352874859075	0.04171364148816235
Q80YE2	0.05439330543933055	0.05439330543933055	0.04602510460251046	0.11297071129707113	0.0502092050209205	0.04602510460251046	0.04184100418410042	0.03347280334728033	0.02510460251046025	0.06694560669456066	0.029288702928870293	0.03765690376569038	0.058577405857740586	0.04602510460251046	0.04602510460251046	0.11297071129707113	0.06694560669456066	0.03765690376569038	0.016736401673640166	0.016736401673640166
Q9BSB4	0.03669724770642202	0.022935779816513763	0.05963302752293578	0.09174311926605505	0.03669724770642202	0.05963302752293578	0.022935779816513763	0.045871559633027525	0.06880733944954129	0.0871559633027523	0.027522935779816515	0.022935779816513763	0.022935779816513763	0.04128440366972477	0.06422018348623854	0.05963302752293578	0.07339449541284404	0.11009174311926606	0.013761467889908258	0.03211009174311927
Q4A1L4	0.049107142857142856	0.020089285714285716	0.05357142857142857	0.11383928571428571	0.046875	0.05580357142857143	0.013392857142857142	0.03125	0.06473214285714286	0.11383928571428571	0.029017857142857144	0.049107142857142856	0.026785714285714284	0.06919642857142858	0.049107142857142856	0.06696428571428571	0.060267857142857144	0.046875	0.015625	0.024553571428571428
P43601	0.054	0.008	0.066	0.052	0.04	0.058	0.02	0.086	0.046	0.074	0.036	0.05	0.044	0.026	0.046	0.13	0.078	0.05	0	0.036
O35987	0.10270270270270271	0	0.06486486486486487	0.1	0.04594594594594595	0.08108108108108109	0.021621621621621623	0.03783783783783784	0.043243243243243246	0.07567567567567568	0.010810810810810811	0.03783783783783784	0.04594594594594595	0.051351351351351354	0.07567567567567568	0.07567567567567568	0.04864864864864865	0.062162162162162166	0.005405405405405406	0.013513513513513514
A7EW77	0.07565011820330969	0.014184397163120567	0.037825059101654845	0.04491725768321513	0.0425531914893617	0.08037825059101655	0.01182033096926714	0.05673758865248227	0.04728132387706856	0.07092198581560284	0.030732860520094562	0.04018912529550828	0.06619385342789598	0.026004728132387706	0.054373522458628844	0.1182033096926714	0.06855791962174941	0.07328605200945626	0.004728132387706856	0.03546099290780142
P53104	0.06577480490523968	0.013377926421404682	0.04905239687848383	0.0802675585284281	0.04013377926421405	0.03567447045707915	0.027870680044593088	0.05128205128205128	0.0758082497212932	0.11928651059085842	0.0189520624303233	0.07246376811594203	0.03901895206243032	0.04013377926421405	0.04124860646599777	0.09587513935340022	0.046822742474916385	0.046822742474916385	0.005574136008918618	0.03455964325529543
Q75D34	0.044009779951100246	0.044009779951100246	0.061124694376528114	0.04645476772616137	0.044009779951100246	0.04645476772616137	0.02444987775061125	0.05867970660146699	0.06601466992665037	0.08801955990220049	0.029339853300733496	0.05623471882640587	0.022004889975550123	0.04645476772616137	0.05378973105134474	0.09535452322738386	0.06845965770171149	0.07823960880195599	0.0024449877750611247	0.02444987775061125
P18242	0.03414634146341464	0.01951219512195122	0.05121951219512195	0.04390243902439024	0.036585365853658534	0.1024390243902439	0.01951219512195122	0.06829268292682927	0.07073170731707316	0.1	0.024390243902439025	0.036585365853658534	0.05609756097560976	0.036585365853658534	0.02195121951219512	0.08292682926829269	0.05365853658536585	0.08292682926829269	0.00975609756097561	0.04878048780487805
Q86VP3	0.07424071991001124	0.015748031496062992	0.06186726659167604	0.06411698537682789	0.02924634420697413	0.052868391451068614	0.021372328458942633	0.043869516310461196	0.06074240719910011	0.0843644544431946	0.019122609673790775	0.023622047244094488	0.07424071991001124	0.05849268841394826	0.05511811023622047	0.11361079865016872	0.052868391451068614	0.06749156355455568	0.007874015748031496	0.019122609673790775
Q0UXN8	0.06109324758842444	0.003215434083601286	0.05787781350482315	0.03536977491961415	0.028938906752411574	0.05466237942122187	0.04501607717041801	0.04501607717041801	0.03536977491961415	0.1414790996784566	0.01607717041800643	0.028938906752411574	0.08360128617363344	0.04501607717041801	0.05144694533762058	0.08360128617363344	0.04823151125401929	0.07395498392282958	0.01929260450160772	0.04180064308681672
Q99KU0	0.08620689655172414	0.017241379310344827	0.022167487684729065	0.07881773399014778	0.05172413793103448	0.06403940886699508	0.029556650246305417	0.07635467980295567	0.05172413793103448	0.10098522167487685	0.024630541871921183	0.027093596059113302	0.04433497536945813	0.06157635467980296	0.04187192118226601	0.06157635467980296	0.03940886699507389	0.06403940886699508	0.022167487684729065	0.034482758620689655
Q7S4D7	0.07599118942731277	0.004405286343612335	0.06387665198237885	0.05066079295154185	0.053964757709251104	0.07268722466960352	0.03303964757709251	0.05286343612334802	0.03634361233480176	0.09251101321585903	0.030837004405286344	0.03854625550660793	0.05506607929515418	0.042951541850220265	0.07488986784140969	0.07378854625550661	0.04185022026431718	0.05837004405286344	0.016519823788546256	0.030837004405286344
Q9D906	0.08166189111747851	0.02865329512893983	0.06446991404011461	0.04871060171919771	0.05157593123209169	0.0673352435530086	0.024355300859598854	0.03008595988538682	0.05300859598853868	0.12320916905444126	0.027220630372492838	0.03724928366762178	0.06017191977077364	0.03724928366762178	0.045845272206303724	0.06303724928366762	0.04727793696275072	0.0673352435530086	0.014326647564469915	0.027220630372492838
P62821	0.06341463414634146	0.01951219512195122	0.06341463414634146	0.05853658536585366	0.03902439024390244	0.08292682926829269	0.004878048780487805	0.06829268292682927	0.08292682926829269	0.07317073170731707	0.024390243902439025	0.04390243902439024	0.01951219512195122	0.03902439024390244	0.03414634146341464	0.07804878048780488	0.08780487804878048	0.06341463414634146	0.00975609756097561	0.04390243902439024
Q9US24	0.045454545454545456	0.007575757575757576	0.045454545454545456	0.09090909090909091	0.05303030303030303	0.03787878787878788	0.007575757575757576	0.07575757575757576	0.05303030303030303	0.11363636363636363	0.015151515151515152	0.09090909090909091	0.03787878787878788	0.03787878787878788	0.06818181818181818	0.07575757575757576	0.05303030303030303	0.06060606060606061	0	0.030303030303030304
P60520	0.042735042735042736	0.008547008547008548	0.06837606837606838	0.07692307692307693	0.05982905982905983	0.042735042735042736	0.017094017094017096	0.07692307692307693	0.10256410256410256	0.05982905982905983	0.03418803418803419	0.008547008547008548	0.042735042735042736	0.042735042735042736	0.05128205128205128	0.07692307692307693	0.03418803418803419	0.09401709401709402	0.017094017094017096	0.042735042735042736
Q9VTU1	0.08108108108108109	0.02702702702702703	0.04504504504504504	0.036036036036036036	0.036036036036036036	0.05405405405405406	0.018018018018018018	0.08108108108108109	0.09009009009009009	0.08108108108108109	0.009009009009009009	0.06306306306306306	0.05405405405405406	0.05405405405405406	0.009009009009009009	0.06306306306306306	0.09009009009009009	0.04504504504504504	0.02702702702702703	0.036036036036036036
Q5U2Y0	0.04854368932038835	0.042071197411003236	0.07766990291262135	0.045307443365695796	0.05825242718446602	0.06472491909385113	0.02912621359223301	0.042071197411003236	0.05825242718446602	0.10032362459546926	0.019417475728155338	0.042071197411003236	0.042071197411003236	0.02912621359223301	0.05825242718446602	0.08090614886731391	0.045307443365695796	0.08737864077669903	0.006472491909385114	0.022653721682847898
O75385	0.08095238095238096	0.017142857142857144	0.0380952380952381	0.04857142857142857	0.0380952380952381	0.08285714285714285	0.029523809523809525	0.03238095238095238	0.04	0.10857142857142857	0.021904761904761906	0.02095238095238095	0.1019047619047619	0.04857142857142857	0.06190476190476191	0.11714285714285715	0.04476190476190476	0.04857142857142857	0.002857142857142857	0.015238095238095238
Q9P3W2	0.057692307692307696	0.03021978021978022	0.04120879120879121	0.06043956043956044	0.04120879120879121	0.054945054945054944	0.03021978021978022	0.06593406593406594	0.07967032967032966	0.12087912087912088	0.016483516483516484	0.046703296703296704	0.03296703296703297	0.046703296703296704	0.038461538461538464	0.08516483516483517	0.06318681318681318	0.046703296703296704	0.013736263736263736	0.027472527472527472
Q9ESK9	0.060453400503778336	0.022670025188916875	0.05415617128463476	0.11523929471032746	0.030226700251889168	0.020151133501259445	0.028337531486146095	0.045969773299748114	0.08438287153652393	0.12216624685138538	0.02959697732997481	0.04030226700251889	0.031486146095717885	0.06486146095717885	0.04659949622166247	0.07934508816120907	0.04974811083123426	0.055415617128463476	0.004408060453400504	0.014483627204030227
Q6BZZ1	0.1073170731707317	0.014634146341463415	0.06341463414634146	0.04390243902439024	0.03902439024390244	0.03902439024390244	0.014634146341463415	0.04878048780487805	0.04390243902439024	0.08292682926829269	0.014634146341463415	0.024390243902439025	0.08292682926829269	0.09268292682926829	0.01951219512195122	0.11219512195121951	0.08780487804878048	0.03902439024390244	0	0.02926829268292683
Q2KI99	0.082010582010582	0.03439153439153439	0.0291005291005291	0.06084656084656084	0.0291005291005291	0.06878306878306878	0.031746031746031744	0.04497354497354497	0.018518518518518517	0.16666666666666666	0.021164021164021163	0.037037037037037035	0.0582010582010582	0.05555555555555555	0.0582010582010582	0.08465608465608465	0.026455026455026454	0.04497354497354497	0.013227513227513227	0.03439153439153439
Q3ZCG8	0.10909090909090909	0.00909090909090909	0.00909090909090909	0.01818181818181818	0.07272727272727272	0.10909090909090909	0.00909090909090909	0.05454545454545454	0.03636363636363636	0.16363636363636364	0.01818181818181818	0.01818181818181818	0.02727272727272727	0	0.07272727272727272	0.06363636363636363	0.05454545454545454	0.07272727272727272	0.01818181818181818	0.06363636363636363
Q60766	0.04645476772616137	0.02444987775061125	0.05378973105134474	0.061124694376528114	0.044009779951100246	0.04156479217603912	0.017114914425427872	0.05378973105134474	0.06356968215158924	0.11246943765281174	0.02689486552567237	0.039119804400977995	0.044009779951100246	0.03667481662591687	0.06356968215158924	0.09046454767726161	0.05867970660146699	0.08068459657701711	0.009779951100244499	0.03178484107579462
E1C7U0	0.07651715039577836	0.044854881266490766	0.04221635883905013	0.06860158311345646	0.021108179419525065	0.044854881266490766	0.0316622691292876	0.036939313984168866	0.03430079155672823	0.1741424802110818	0.013192612137203167	0.013192612137203167	0.0633245382585752	0.047493403693931395	0.06860158311345646	0.08970976253298153	0.026385224274406333	0.055408970976253295	0.0158311345646438	0.0316622691292876
Q22592	0.072	0.018666666666666668	0.07733333333333334	0.08	0.024	0.042666666666666665	0.029333333333333333	0.050666666666666665	0.06133333333333333	0.13066666666666665	0.024	0.04533333333333334	0.034666666666666665	0.056	0.058666666666666666	0.05333333333333334	0.058666666666666666	0.04533333333333334	0.008	0.029333333333333333
Q9SUG6	0.04304635761589404	0.006622516556291391	0.0728476821192053	0.06291390728476821	0.039735099337748346	0.076158940397351	0.019867549668874173	0.03642384105960265	0.059602649006622516	0.08278145695364239	0.016556291390728478	0.04304635761589404	0.07947019867549669	0.04966887417218543	0.056291390728476824	0.11589403973509933	0.06291390728476821	0.06622516556291391	0.0033112582781456954	0.006622516556291391
Q8H1Q8	0.07103825136612021	0.01092896174863388	0.03825136612021858	0.03825136612021858	0.04644808743169399	0.0546448087431694	0.02185792349726776	0.05737704918032787	0.03551912568306011	0.12021857923497267	0.01639344262295082	0.04371584699453552	0.040983606557377046	0.02185792349726776	0.04644808743169399	0.14754098360655737	0.07650273224043716	0.06830601092896176	0.00546448087431694	0.03825136612021858
Q3SZC4	0.10270270270270271	0	0.06756756756756757	0.0945945945945946	0.04594594594594595	0.08108108108108109	0.021621621621621623	0.04054054054054054	0.04054054054054054	0.07297297297297298	0.010810810810810811	0.03513513513513514	0.04594594594594595	0.05405405405405406	0.07837837837837838	0.08108108108108109	0.04864864864864865	0.05945945945945946	0.005405405405405406	0.013513513513513514
A6NCE7	0.024	0.008	0.04	0.096	0.056	0.032	0.024	0.064	0.08	0.088	0.04	0.032	0.048	0.056	0.072	0.072	0.048	0.096	0	0.024
A7EAE5	0.06666666666666667	0.016666666666666666	0.05	0.03333333333333333	0.06666666666666667	0.05	0.025	0.041666666666666664	0.05	0.10833333333333334	0.016666666666666666	0.025	0.058333333333333334	0.041666666666666664	0.058333333333333334	0.125	0.058333333333333334	0.08333333333333333	0	0.025
Q91ZQ0	0.08620689655172414	0.017241379310344827	0.022167487684729065	0.07881773399014778	0.05665024630541872	0.0665024630541872	0.027093596059113302	0.07389162561576355	0.04926108374384237	0.0960591133004926	0.024630541871921183	0.027093596059113302	0.04187192118226601	0.06157635467980296	0.04187192118226601	0.06403940886699508	0.046798029556650245	0.06157635467980296	0.022167487684729065	0.034482758620689655
Q54V82	0.009389671361502348	0.014084507042253521	0.018779342723004695	0.056338028169014086	0.07042253521126761	0.03755868544600939	0.009389671361502348	0.107981220657277	0.06572769953051644	0.09859154929577464	0.014084507042253521	0.0892018779342723	0.056338028169014086	0.056338028169014086	0.018779342723004695	0.11267605633802817	0.028169014084507043	0.056338028169014086	0.014084507042253521	0.06572769953051644
Q9QZM0	0.0877742946708464	0	0.017241379310344827	0.045454545454545456	0.02664576802507837	0.07366771159874608	0.006269592476489028	0.054858934169279	0.017241379310344827	0.07836990595611286	0.05329153605015674	0.05799373040752351	0.10815047021943573	0.09717868338557993	0.03134796238244514	0.10501567398119123	0.10344827586206896	0.02821316614420063	0.001567398119122257	0.006269592476489028
Q2TBJ5	0.11347517730496454	0.014184397163120567	0.04964539007092199	0.0851063829787234	0.03546099290780142	0.05673758865248227	0.0070921985815602835	0.04964539007092199	0.07092198581560284	0.10638297872340426	0.014184397163120567	0.0070921985815602835	0.09219858156028368	0.0425531914893617	0.028368794326241134	0.07092198581560284	0.05673758865248227	0.06382978723404255	0.014184397163120567	0.02127659574468085
Q9UHD9	0.09134615384615384	0	0.019230769230769232	0.04487179487179487	0.027243589743589744	0.08333333333333333	0.00641025641025641	0.05448717948717949	0.017628205128205128	0.08493589743589744	0.049679487179487176	0.06570512820512821	0.10416666666666667	0.10096153846153846	0.03205128205128205	0.10737179487179487	0.07051282051282051	0.03205128205128205	0.0016025641025641025	0.00641025641025641
B0G140	0.00819672131147541	0.010245901639344262	0.0471311475409836	0.0778688524590164	0.05122950819672131	0.014344262295081968	0.00819672131147541	0.06762295081967214	0.08196721311475409	0.10860655737704918	0.006147540983606557	0.15778688524590165	0.03278688524590164	0.08196721311475409	0.020491803278688523	0.12295081967213115	0.036885245901639344	0.018442622950819672	0.004098360655737705	0.0430327868852459
Q54NL4	0.06451612903225806	0.009925558312655087	0.02729528535980149	0.05707196029776675	0.07196029776674938	0.06451612903225806	0.01240694789081886	0.08188585607940446	0.10421836228287841	0.12406947890818859	0.019851116625310174	0.034739454094292806	0.04218362282878412	0.04466501240694789	0.022332506203473945	0.05955334987593052	0.04962779156327544	0.062034739454094295	0.019851116625310174	0.02729528535980149
F1RCP1	0.042505592841163314	0.026845637583892617	0.06040268456375839	0.09395973154362416	0.05145413870246085	0.049217002237136466	0.020134228187919462	0.03131991051454139	0.06040268456375839	0.1185682326621924	0.03131991051454139	0.05592841163310962	0.026845637583892617	0.06711409395973154	0.040268456375838924	0.08053691275167785	0.06040268456375839	0.042505592841163314	0.015659955257270694	0.024608501118568233
Q96BY7	0.05245428296438884	0.01588065447545717	0.05534167468719923	0.07507218479307026	0.04523580365736285	0.05101058710298364	0.03176130895091434	0.04764196342637151	0.05004812319538017	0.10298363811357074	0.02358036573628489	0.03464870067372473	0.06496631376323388	0.04282964388835419	0.04812319538017324	0.10635226179018287	0.0548604427333975	0.06304138594802695	0.008662175168431183	0.02550529355149182
O13978	0.07608695652173914	0	0.03260869565217391	0.08695652173913043	0.021739130434782608	0.07065217391304347	0.010869565217391304	0.08152173913043478	0.043478260869565216	0.10326086956521739	0.021739130434782608	0.043478260869565216	0.043478260869565216	0.03804347826086957	0.03260869565217391	0.07065217391304347	0.08152173913043478	0.08152173913043478	0.021739130434782608	0.03804347826086957
A8E5V9	0.06990881458966565	0.03343465045592705	0.03951367781155015	0.06382978723404255	0.0425531914893617	0.0425531914893617	0.03343465045592705	0.0851063829787234	0.0547112462006079	0.1398176291793313	0.015197568389057751	0.03951367781155015	0.03951367781155015	0.0364741641337386	0.0425531914893617	0.0547112462006079	0.057750759878419454	0.03951367781155015	0.015197568389057751	0.0547112462006079
Q8T390	0.07317073170731707	0.013550135501355014	0.06233062330623306	0.08672086720867209	0.04336043360433604	0.07046070460704607	0.018970189701897018	0.018970189701897018	0.07588075880758807	0.10569105691056911	0.037940379403794036	0.051490514905149054	0.051490514905149054	0.07046070460704607	0.04607046070460705	0.051490514905149054	0.04607046070460705	0.051490514905149054	0.0027100271002710027	0.02168021680216802
Q9UMX0	0.0865874363327674	0	0.023769100169779286	0.050933786078098474	0.027164685908319185	0.08828522920203735	0.011884550084889643	0.03395585738539898	0.01867572156196944	0.09847198641765705	0.05602716468590832	0.07130730050933787	0.07470288624787776	0.11035653650254669	0.03225806451612903	0.10865874363327674	0.0730050933786078	0.027164685908319185	0.001697792869269949	0.0050933786078098476
Q5ZKY2	0.07334273624823695	0.029619181946403384	0.056417489421720736	0.05218617771509168	0.05500705218617771	0.0691114245416079	0.019746121297602257	0.039492242595204514	0.05782792665726375	0.10860366713681241	0.022566995768688293	0.045133991537376586	0.06064880112834979	0.036671368124118475	0.04090267983074753	0.07334273624823695	0.045133991537376586	0.06770098730606489	0.015514809590973202	0.031029619181946404
Q9Y2L5	0.06341463414634146	0.020209059233449476	0.04320557491289199	0.06968641114982578	0.04111498257839721	0.046689895470383276	0.033449477351916376	0.0529616724738676	0.06062717770034843	0.10662020905923345	0.015331010452961672	0.04529616724738676	0.0529616724738676	0.05365853658536585	0.04250871080139373	0.0975609756097561	0.049477351916376304	0.06550522648083623	0.007665505226480836	0.03205574912891986
Q9P6N1	0.06567164179104477	0.020895522388059702	0.03283582089552239	0.03880597014925373	0.04776119402985075	0.050746268656716415	0.026865671641791045	0.08358208955223881	0.04776119402985075	0.08059701492537313	0.008955223880597015	0.05970149253731343	0.050746268656716415	0.014925373134328358	0.041791044776119404	0.1253731343283582	0.056716417910447764	0.08358208955223881	0.011940298507462687	0.050746268656716415
Q8BGE6	0.06870229007633588	0.030534351145038167	0.06615776081424936	0.06870229007633588	0.05597964376590331	0.06870229007633588	0.02544529262086514	0.04834605597964377	0.030534351145038167	0.09923664122137404	0.02544529262086514	0.030534351145038167	0.05597964376590331	0.043256997455470736	0.05597964376590331	0.06615776081424936	0.05343511450381679	0.05597964376590331	0.022900763358778626	0.027989821882951654
Q86WV6	0.079155672823219	0.026385224274406333	0.0316622691292876	0.06068601583113457	0.023746701846965697	0.06596306068601583	0.029023746701846966	0.0395778364116095	0.023746701846965697	0.1741424802110818	0.0158311345646438	0.036939313984168866	0.06068601583113457	0.047493403693931395	0.0633245382585752	0.08443271767810026	0.0395778364116095	0.04221635883905013	0.010554089709762533	0.044854881266490766
Q9H0R8	0.042735042735042736	0	0.07692307692307693	0.08547008547008547	0.06837606837606838	0.03418803418803419	0.02564102564102564	0.042735042735042736	0.1111111111111111	0.06837606837606838	0.017094017094017096	0.02564102564102564	0.07692307692307693	0.02564102564102564	0.06837606837606838	0.03418803418803419	0.03418803418803419	0.07692307692307693	0	0.08547008547008547
