P08319	0.09210526315789473	0.042105263157894736	0.05263157894736842	0.04473684210526316	0.05	0.10263157894736842	0.015789473684210527	0.08157894736842106	0.0868421052631579	0.07894736842105263	0.013157894736842105	0.034210526315789476	0.04473684210526316	0.015789473684210527	0.021052631578947368	0.060526315789473685	0.07105263157894737	0.07105263157894737	0.007894736842105263	0.013157894736842105
Q8VDD5	0.09081632653061225	0.010714285714285714	0.055612244897959184	0.1357142857142857	0.025510204081632654	0.03520408163265306	0.014285714285714285	0.0413265306122449	0.10459183673469388	0.11530612244897959	0.026020408163265306	0.039285714285714285	0.0163265306122449	0.0770408163265306	0.06428571428571428	0.04285714285714286	0.042346938775510205	0.04081632653061224	0.00510204081632653	0.01683673469387755
Q9F309	0.13801452784503632	0.014527845036319613	0.06779661016949153	0.06779661016949153	0.031476997578692496	0.10653753026634383	0.004842615012106538	0.012106537530266344	0.002421307506053269	0.09200968523002422	0.01694915254237288	0.002421307506053269	0.053268765133171914	0.014527845036319613	0.12106537530266344	0.05811138014527845	0.043583535108958835	0.1016949152542373	0.026634382566585957	0.024213075060532687
Q3V3R1	0.08188331627430911	0.015353121801432957	0.05834186284544524	0.05834186284544524	0.02968270214943705	0.08597748208802457	0.019447287615148412	0.05834186284544524	0.06141248720573183	0.11258955987717502	0.01842374616171955	0.030706243602865915	0.057318321392016376	0.044012282497441144	0.0511770726714432	0.062436028659160696	0.05322415557830092	0.08188331627430911	0.007164790174002047	0.012282497441146366
P06757	0.09042553191489362	0.0425531914893617	0.05053191489361702	0.0398936170212766	0.047872340425531915	0.09308510638297872	0.023936170212765957	0.06648936170212766	0.08244680851063829	0.07712765957446809	0.015957446808510637	0.015957446808510637	0.061170212765957445	0.023936170212765957	0.023936170212765957	0.07180851063829788	0.06382978723404255	0.09574468085106383	0.005319148936170213	0.007978723404255319
P37276	0.06811812890709204	0.011856003449019185	0.05992670834231516	0.07566285837464971	0.039879284328519074	0.0441905583099806	0.01767622332399224	0.054537615865488255	0.06078896313860746	0.11403319680965725	0.021771933606380686	0.0441905583099806	0.03944815693037292	0.054968743263634406	0.06272903643026514	0.06294460012933822	0.050010778184953655	0.07436947618021125	0.01702953222677301	0.02586764388876913
P02042	0.10204081632653061	0.013605442176870748	0.047619047619047616	0.047619047619047616	0.05442176870748299	0.08843537414965986	0.047619047619047616	0	0.07482993197278912	0.12244897959183673	0.02040816326530612	0.05442176870748299	0.04081632653061224	0.034013605442176874	0.027210884353741496	0.04081632653061224	0.034013605442176874	0.11564625850340136	0.013605442176870748	0.02040816326530612
P37032	0.06846240179573512	0.010101010101010102	0.05611672278338945	0.06621773288439955	0.03254769921436588	0.08529741863075196	0.02132435465768799	0.05723905723905724	0.07295173961840629	0.08866442199775533	0.02356902356902357	0.04489337822671156	0.04713804713804714	0.03367003367003367	0.038159371492704826	0.06621773288439955	0.06509539842873176	0.07519640852974187	0.012345679012345678	0.03479236812570146
Q811J3	0.06749740394600208	0.018691588785046728	0.0446521287642783	0.0612668743509865	0.05088265835929388	0.08515057113187954	0.020768431983385256	0.05088265835929388	0.06542056074766354	0.09553478712357218	0.017653167185877467	0.04569055036344756	0.055036344755970926	0.028037383177570093	0.035306334371754934	0.08099688473520249	0.05711318795430945	0.08515057113187954	0.007268951194184839	0.02699896157840083
Q9AJU2	0.12698412698412698	0	0.09523809523809523	0.03968253968253968	0.03968253968253968	0.08994708994708994	0.042328042328042326	0.031746031746031744	0.013227513227513227	0.06878306878306878	0.005291005291005291	0.007936507936507936	0.07142857142857142	0.023809523809523808	0.09259259259259259	0.047619047619047616	0.06613756613756613	0.08994708994708994	0.015873015873015872	0.031746031746031744
Q9AJU0	0.08812260536398467	0.007662835249042145	0.10727969348659004	0.04980842911877394	0.03065134099616858	0.08812260536398467	0.02681992337164751	0.038314176245210725	0.01532567049808429	0.10344827586206896	0.02681992337164751	0.019157088122605363	0.05363984674329502	0.019157088122605363	0.08812260536398467	0.0421455938697318	0.05363984674329502	0.08812260536398467	0.019157088122605363	0.034482758620689655
Q937N6	0.13636363636363635	0.014462809917355372	0.06611570247933884	0.03925619834710744	0.024793388429752067	0.0640495867768595	0.024793388429752067	0.05991735537190083	0.030991735537190084	0.10743801652892562	0.022727272727272728	0.030991735537190084	0.05578512396694215	0.0371900826446281	0.07024793388429752	0.03925619834710744	0.05991735537190083	0.06818181818181818	0.014462809917355372	0.03305785123966942
Q6C7U1	0.0707070707070707	0.010101010101010102	0.06060606060606061	0.050505050505050504	0.037037037037037035	0.07407407407407407	0.037037037037037035	0.04040404040404041	0.04377104377104377	0.10437710437710437	0.020202020202020204	0.050505050505050504	0.04377104377104377	0.02356902356902357	0.07407407407407407	0.0707070707070707	0.050505050505050504	0.0707070707070707	0.026936026936026935	0.04040404040404041
Q8ZDE1	0.09774436090225563	0.011278195488721804	0.03759398496240601	0.07894736842105263	0.045112781954887216	0.07142857142857142	0.041353383458646614	0.06390977443609022	0.06390977443609022	0.08270676691729323	0.03759398496240601	0.05263157894736842	0.041353383458646614	0.015037593984962405	0.045112781954887216	0.03759398496240601	0.06390977443609022	0.07142857142857142	0.007518796992481203	0.03383458646616541
Q54XK9	0.04119850187265917	0.011235955056179775	0.0449438202247191	0.0749063670411985	0.04868913857677903	0.06367041198501873	0.0299625468164794	0.10861423220973783	0.0749063670411985	0.0599250936329588	0.0299625468164794	0.08614232209737828	0.02247191011235955	0.026217228464419477	0.04119850187265917	0.07116104868913857	0.0599250936329588	0.052434456928838954	0.00749063670411985	0.0449438202247191
Q9JL04	0.07477820025348543	0.014575411913814956	0.044359949302915085	0.07351077313054499	0.029784537389100127	0.08428390367553866	0.015842839036755388	0.04055766793409379	0.060202788339670466	0.09378960709759189	0.015209125475285171	0.01964512040557668	0.1438529784537389	0.050063371356147024	0.034220532319391636	0.10076045627376426	0.043726235741444866	0.044359949302915085	0.005069708491761723	0.011406844106463879
P61164	0.06382978723404255	0.005319148936170213	0.05585106382978723	0.08244680851063829	0.05319148936170213	0.07446808510638298	0.023936170212765957	0.07446808510638298	0.061170212765957445	0.08244680851063829	0.023936170212765957	0.023936170212765957	0.05053191489361702	0.026595744680851064	0.06648936170212766	0.07446808510638298	0.0398936170212766	0.06648936170212766	0.010638297872340425	0.0398936170212766
P00352	0.07584830339321358	0.021956087824351298	0.05189620758483034	0.06387225548902195	0.043912175648702596	0.09580838323353294	0.015968063872255488	0.06986027944111776	0.07584830339321358	0.07385229540918163	0.017964071856287425	0.03992015968063872	0.04790419161676647	0.03592814371257485	0.033932135728542916	0.05788423153692615	0.05588822355289421	0.07584830339321358	0.013972055888223553	0.031936127744510975
B7PS00	0.0705596107055961	0.031630170316301706	0.0705596107055961	0.058394160583941604	0.0340632603406326	0.0705596107055961	0.043795620437956206	0.029197080291970802	0.06326034063260341	0.07542579075425791	0.019464720194647202	0.0170316301703163	0.0340632603406326	0.024330900243309004	0.06569343065693431	0.0851581508515815	0.06326034063260341	0.09245742092457421	0.029197080291970802	0.021897810218978103
Q8A094	0.07777777777777778	0.011111111111111112	0.05555555555555555	0.05925925925925926	0.040740740740740744	0.07407407407407407	0.02962962962962963	0.08518518518518518	0.07407407407407407	0.06666666666666667	0.02962962962962963	0.05925925925925926	0.04814814814814815	0.025925925925925925	0.025925925925925925	0.06296296296296296	0.06296296296296296	0.05925925925925926	0.011111111111111112	0.040740740740740744
P01979	0.15602836879432624	0.014184397163120567	0.06382978723404255	0.04964539007092199	0.05673758865248227	0.05673758865248227	0.07092198581560284	0.014184397163120567	0.0851063829787234	0.11347517730496454	0.02127659574468085	0.0070921985815602835	0.028368794326241134	0.014184397163120567	0.028368794326241134	0.07092198581560284	0.06382978723404255	0.05673758865248227	0.0070921985815602835	0.02127659574468085
Q9UJ70	0.0872093023255814	0.01744186046511628	0.05813953488372093	0.055232558139534885	0.0436046511627907	0.11918604651162791	0.029069767441860465	0.06976744186046512	0.0377906976744186	0.10755813953488372	0.023255813953488372	0.023255813953488372	0.03488372093023256	0.029069767441860465	0.055232558139534885	0.0755813953488372	0.03488372093023256	0.05232558139534884	0.014534883720930232	0.03197674418604651
P52800	0.050595238095238096	0.023809523809523808	0.047619047619047616	0.03869047619047619	0.026785714285714284	0.08035714285714286	0.020833333333333332	0.06547619047619048	0.0625	0.08035714285714286	0.020833333333333332	0.05357142857142857	0.0625	0.03869047619047619	0.05357142857142857	0.09523809523809523	0.05654761904761905	0.06547619047619048	0.011904761904761904	0.044642857142857144
Q8REG1	0.05474452554744526	0.0072992700729927005	0.04744525547445255	0.08029197080291971	0.04744525547445255	0.06569343065693431	0.025547445255474453	0.0948905109489051	0.10583941605839416	0.06569343065693431	0.032846715328467155	0.08029197080291971	0.029197080291970802	0.021897810218978103	0.029197080291970802	0.040145985401459854	0.04744525547445255	0.06569343065693431	0.0072992700729927005	0.051094890510948905
Q59702	0.11608961303462322	0.006109979633401222	0.05091649694501019	0.07739307535641547	0.03665987780040733	0.09164969450101833	0.024439918533604887	0.06924643584521385	0.03054989816700611	0.07942973523421588	0.014256619144602852	0.03665987780040733	0.05295315682281059	0.03665987780040733	0.06720977596741344	0.06313645621181263	0.032586558044806514	0.0835030549898167	0.014256619144602852	0.016293279022403257
Q14980	0.11678486997635934	0.008983451536643027	0.029787234042553193	0.1375886524822695	0.013711583924349883	0.03687943262411347	0.017966903073286054	0.018912529550827423	0.07139479905437353	0.12387706855791962	0.013711583924349883	0.020803782505910164	0.02884160756501182	0.11725768321513003	0.07423167848699763	0.07659574468085106	0.048699763593380616	0.03309692671394799	0.0037825059101654845	0.0070921985815602835
O52792	0.1568627450980392	0.011204481792717087	0.06162464985994398	0.06722689075630252	0.028011204481792718	0.10364145658263306	0.014005602240896359	0.03361344537815126	0.011204481792717087	0.10084033613445378	0.022408963585434174	0.014005602240896359	0.036414565826330535	0.01680672268907563	0.09243697478991597	0.0392156862745098	0.047619047619047616	0.11484593837535013	0.01680672268907563	0.011204481792717087
Q8Y8E7	0.08547008547008547	0.008547008547008548	0.05555555555555555	0.09401709401709402	0.03418803418803419	0.0641025641025641	0.02564102564102564	0.07264957264957266	0.07264957264957266	0.08974358974358974	0.017094017094017096	0.0641025641025641	0.038461538461538464	0.017094017094017096	0.017094017094017096	0.06837606837606838	0.08547008547008547	0.05982905982905983	0	0.029914529914529916
F4IE65	0.05630630630630631	0.009009009009009009	0.033783783783783786	0.04279279279279279	0.05405405405405406	0.06306306306306306	0.033783783783783786	0.0472972972972973	0.07882882882882883	0.08108108108108109	0.02252252252252252	0.04504504504504504	0.06306306306306306	0.0518018018018018	0.0472972972972973	0.13288288288288289	0.04954954954954955	0.060810810810810814	0.0045045045045045045	0.02252252252252252
P36683	0.11213872832369942	0.011560693641618497	0.06358381502890173	0.06589595375722543	0.03352601156069364	0.08786127167630058	0.017341040462427744	0.05433526011560694	0.056647398843930635	0.10173410404624278	0.026589595375722544	0.035838150289017344	0.06242774566473988	0.028901734104046242	0.04508670520231214	0.04161849710982659	0.05433526011560694	0.06705202312138728	0.009248554913294798	0.024277456647398842
Q9UNZ2	0.10270270270270271	0	0.06486486486486487	0.1	0.04594594594594595	0.07837837837837838	0.021621621621621623	0.04054054054054054	0.04594594594594595	0.07567567567567568	0.010810810810810811	0.02972972972972973	0.04594594594594595	0.05405405405405406	0.07027027027027027	0.0891891891891892	0.04594594594594595	0.05945945945945946	0.005405405405405406	0.013513513513513514
Q754Q2	0.08986615678776291	0.0057361376673040155	0.06118546845124283	0.06309751434034416	0.03824091778202677	0.07265774378585087	0.03441682600382409	0.05162523900573614	0.036328871892925434	0.09560229445506692	0.022944550669216062	0.036328871892925434	0.06309751434034416	0.030592734225621414	0.06883365200764818	0.06883365200764818	0.05162523900573614	0.07265774378585087	0.009560229445506692	0.02676864244741874
B0LSW3	0.05121951219512195	0.024390243902439025	0.06341463414634146	0.07560975609756097	0.03414634146341464	0.06097560975609756	0.03902439024390244	0.03902439024390244	0.08292682926829269	0.06585365853658537	0.03170731707317073	0.026829268292682926	0.03170731707317073	0.024390243902439025	0.05365853658536585	0.09024390243902439	0.06585365853658537	0.08536585365853659	0.02926829268292683	0.024390243902439025
Q8MKF0	0.09555984555984556	0.0222007722007722	0.05115830115830116	0.05694980694980695	0.041505791505791506	0.07335907335907337	0.03185328185328185	0.033783783783783786	0.033783783783783786	0.10424710424710425	0.01447876447876448	0.017374517374517374	0.07046332046332046	0.04633204633204633	0.05694980694980695	0.0859073359073359	0.059845559845559844	0.07239382239382239	0.01447876447876448	0.017374517374517374
Q9KV59	0.08936825885978428	0.01078582434514638	0.0662557781201849	0.05855161787365177	0.029275808936825885	0.08628659476117104	0.030816640986132512	0.0662557781201849	0.061633281972265024	0.061633281972265024	0.02465331278890601	0.03543913713405239	0.05084745762711865	0.023112480739599383	0.04468412942989214	0.04160246533127889	0.07704160246533127	0.07858243451463791	0.026194144838212634	0.03697996918335902
Q9ZGI5	0.165402124430956	0.004335573379579449	0.06481682202471277	0.05961413396921743	0.023195317580750056	0.11229135053110774	0.025146325601560805	0.021244309559939303	0.007587253414264037	0.10600476913071753	0.01322349880771732	0.013657056145675266	0.05657923260351182	0.025146325601560805	0.07045306741816605	0.060047691307175376	0.05853024062432257	0.08497723823975721	0.015174506828528073	0.012573162800780403
Q960Z0	0.084472049689441	0.014906832298136646	0.04720496894409938	0.07080745341614907	0.024844720496894408	0.06459627329192547	0.02857142857142857	0.04472049689440994	0.06086956521739131	0.06956521739130435	0.037267080745341616	0.06583850931677018	0.037267080745341616	0.0546583850931677	0.05341614906832298	0.0782608695652174	0.06832298136645963	0.07080745341614907	0.002484472049689441	0.02111801242236025
P09055	0.041353383458646614	0.07142857142857142	0.05012531328320802	0.07268170426065163	0.03634085213032581	0.08020050125313283	0.015037593984962405	0.06140350877192982	0.07017543859649122	0.06892230576441102	0.016290726817042606	0.07268170426065163	0.043859649122807015	0.03884711779448621	0.03759398496240601	0.06892230576441102	0.05764411027568922	0.06140350877192982	0.007518796992481203	0.02756892230576441
P15121	0.060126582278481014	0.022151898734177215	0.04746835443037975	0.07278481012658228	0.03481012658227848	0.05063291139240506	0.028481012658227847	0.056962025316455694	0.07911392405063292	0.10759493670886076	0.0189873417721519	0.04746835443037975	0.06329113924050633	0.04113924050632911	0.03481012658227848	0.05379746835443038	0.04746835443037975	0.07911392405063292	0.0189873417721519	0.03481012658227848
Q24212	0.089540412044374	0.0071315372424722665	0.07131537242472266	0.0832012678288431	0.039619651347068144	0.056259904912836764	0.01901743264659271	0.045166402535657686	0.041996830427892234	0.06814580031695722	0.01901743264659271	0.02694136291600634	0.1133122028526149	0.05229793977812995	0.044374009508716325	0.07210776545166403	0.06576862123613313	0.060221870047543584	0.006339144215530904	0.018225039619651346
P0C0L1	0.13268608414239483	0.009708737864077669	0.05825242718446602	0.07119741100323625	0.032362459546925564	0.08737864077669903	0.025889967637540454	0.038834951456310676	0.06796116504854369	0.10032362459546926	0.009708737864077669	0.022653721682847898	0.07119741100323625	0.025889967637540454	0.05825242718446602	0.07119741100323625	0.032362459546925564	0.038834951456310676	0.016181229773462782	0.02912621359223301
P18123	0.07459677419354839	0.014112903225806451	0.07862903225806452	0.05040322580645161	0.06451612903225806	0.05846774193548387	0.04032258064516129	0.03225806451612903	0.036290322580645164	0.07258064516129033	0.02217741935483871	0.04233870967741935	0.07862903225806452	0.024193548387096774	0.08266129032258064	0.04435483870967742	0.05846774193548387	0.07258064516129033	0.016129032258064516	0.036290322580645164
P04190	0.04669260700389105	0.007782101167315175	0.042801556420233464	0.0622568093385214	0.019455252918287938	0.08949416342412451	0.027237354085603113	0.058365758754863814	0.10116731517509728	0.11673151750972763	0.011673151750972763	0.06614785992217899	0.019455252918287938	0.027237354085603113	0.019455252918287938	0.0622568093385214	0.08171206225680934	0.10505836575875487	0.01556420233463035	0.019455252918287938
Q9KR61	0.10104529616724739	0.024390243902439025	0.0313588850174216	0.0627177700348432	0.041811846689895474	0.09407665505226481	0.017421602787456445	0.09059233449477352	0.04529616724738676	0.08710801393728224	0.017421602787456445	0.04529616724738676	0.04878048780487805	0.04878048780487805	0.020905923344947737	0.05226480836236934	0.06968641114982578	0.07665505226480836	0.006968641114982578	0.017421602787456445
P26918	0.08661417322834646	0.007874015748031496	0.051181102362204724	0.047244094488188976	0.031496062992125984	0.09055118110236221	0.027559055118110236	0.03937007874015748	0.07086614173228346	0.08661417322834646	0.031496062992125984	0.031496062992125984	0.05905511811023622	0.027559055118110236	0.03937007874015748	0.047244094488188976	0.05511811023622047	0.10236220472440945	0.01968503937007874	0.047244094488188976
O48538	0.0614406779661017	0.009533898305084746	0.05084745762711865	0.05508474576271186	0.05826271186440678	0.059322033898305086	0.020127118644067795	0.0625	0.0625	0.09745762711864407	0.022245762711864406	0.0423728813559322	0.03177966101694915	0.04025423728813559	0.06567796610169492	0.0815677966101695	0.057203389830508475	0.059322033898305086	0.020127118644067795	0.0423728813559322
P02091	0.10884353741496598	0.013605442176870748	0.061224489795918366	0.034013605442176874	0.047619047619047616	0.09523809523809523	0.06802721088435375	0.027210884353741496	0.08163265306122448	0.11564625850340136	0.02040816326530612	0.05442176870748299	0.034013605442176874	0.02040816326530612	0.02040816326530612	0.04081632653061224	0.027210884353741496	0.09523809523809523	0.013605442176870748	0.02040816326530612
O70441	0.06735751295336788	0.0069084628670120895	0.037996545768566495	0.04145077720207254	0.03454231433506045	0.06563039723661486	0.025906735751295335	0.037996545768566495	0.05008635578583765	0.07253886010362694	0.031088082901554404	0.03281519861830743	0.09671848013816926	0.07253886010362694	0.0535405872193437	0.13126079447322972	0.046632124352331605	0.06044905008635579	0.008635578583765112	0.025906735751295335
Q8VHF5	0.08369098712446352	0.012875536480686695	0.04291845493562232	0.05150214592274678	0.027896995708154508	0.07296137339055794	0.027896995708154508	0.03648068669527897	0.05793991416309013	0.12660944206008584	0.03648068669527897	0.04291845493562232	0.04721030042918455	0.03862660944206009	0.045064377682403435	0.07510729613733906	0.05150214592274678	0.06223175965665236	0.019313304721030045	0.0407725321888412
P0CF35	0.0847457627118644	0.00847457627118644	0.06779661016949153	0.0423728813559322	0.0211864406779661	0.07627118644067797	0.025423728813559324	0.059322033898305086	0.09322033898305085	0.08050847457627118	0.025423728813559324	0.059322033898305086	0.03389830508474576	0.0423728813559322	0.05084745762711865	0.05084745762711865	0.029661016949152543	0.0847457627118644	0.012711864406779662	0.05084745762711865
A8DZE6	0.05864197530864197	0.047839506172839504	0.046296296296296294	0.05555555555555555	0.023148148148148147	0.07561728395061729	0.038580246913580245	0.026234567901234566	0.037037037037037035	0.06790123456790123	0.023148148148148147	0.035493827160493825	0.07407407407407407	0.040123456790123455	0.06327160493827161	0.13580246913580246	0.044753086419753084	0.05709876543209876	0	0.04938271604938271
Q9SIB9	0.0696969696969697	0.011111111111111112	0.05353535353535353	0.051515151515151514	0.046464646464646465	0.08282828282828283	0.020202020202020204	0.052525252525252523	0.05454545454545454	0.07878787878787878	0.029292929292929294	0.048484848484848485	0.05757575757575758	0.025252525252525252	0.047474747474747475	0.0898989898989899	0.0595959595959596	0.08282828282828283	0.010101010101010102	0.028282828282828285
Q9S508	0.030864197530864196	0.018518518518518517	0.07407407407407407	0.08641975308641975	0.06172839506172839	0.08024691358024691	0.037037037037037035	0.05555555555555555	0.06790123456790123	0.07407407407407407	0.018518518518518517	0.04938271604938271	0.05555555555555555	0.030864197530864196	0.06790123456790123	0.024691358024691357	0.043209876543209874	0.06172839506172839	0.030864197530864196	0.030864197530864196
Q99798	0.07692307692307693	0.016666666666666666	0.05897435897435897	0.05512820512820513	0.026923076923076925	0.09615384615384616	0.03461538461538462	0.07435897435897436	0.07051282051282051	0.08846153846153847	0.014102564102564103	0.04487179487179487	0.05512820512820513	0.03717948717948718	0.04358974358974359	0.05128205128205128	0.057692307692307696	0.05641025641025641	0.011538461538461539	0.029487179487179487
P61920	0.08163265306122448	0.006802721088435374	0.05442176870748299	0.05442176870748299	0.05442176870748299	0.08163265306122448	0.047619047619047616	0.027210884353741496	0.08163265306122448	0.11564625850340136	0.02040816326530612	0.034013605442176874	0.027210884353741496	0.027210884353741496	0.02040816326530612	0.07482993197278912	0.06802721088435375	0.08843537414965986	0.02040816326530612	0.013605442176870748
Q4H4E3	0.024390243902439025	0.012195121951219513	0.0975609756097561	0.10975609756097561	0.04878048780487805	0.06097560975609756	0.012195121951219513	0.06097560975609756	0.06097560975609756	0.08536585365853659	0.036585365853658534	0.04878048780487805	0.024390243902439025	0.036585365853658534	0.036585365853658534	0.024390243902439025	0.07317073170731707	0.10975609756097561	0	0.036585365853658534
E9Q7G0	0.10983763132760267	0.009073543457497613	0.031041069723018146	0.13132760267430754	0.014804202483285577	0.039637058261700095	0.018147086914995225	0.021012416427889206	0.07067812798471824	0.1174785100286533	0.01623686723973257	0.021012416427889206	0.02913085004775549	0.1227316141356256	0.07163323782234957	0.0778414517669532	0.054441260744985676	0.034383954154727794	0.0028653295128939827	0.0066857688634192934
Q5BKG8	0.052	0.006	0.042	0.064	0.024	0.04	0.018	0.026	0.128	0.08	0.016	0.052	0.068	0.044	0.072	0.126	0.082	0.048	0.002	0.01
P62741	0.08163265306122448	0.006802721088435374	0.047619047619047616	0.05442176870748299	0.05442176870748299	0.08843537414965986	0.047619047619047616	0.027210884353741496	0.07482993197278912	0.11564625850340136	0.02040816326530612	0.034013605442176874	0.027210884353741496	0.027210884353741496	0.027210884353741496	0.07482993197278912	0.06802721088435375	0.08843537414965986	0.02040816326530612	0.013605442176870748
P9WFX1	0.12444444444444444	0.008888888888888889	0.06	0.08	0.028888888888888888	0.08	0.015555555555555555	0.04888888888888889	0.011111111111111112	0.1	0.015555555555555555	0.006666666666666667	0.04888888888888889	0.02666666666666667	0.1	0.07333333333333333	0.04888888888888889	0.09333333333333334	0.008888888888888889	0.02
Q9LD13	0.0673076923076923	0	0.05128205128205128	0.08012820512820513	0.038461538461538464	0.08333333333333333	0.028846153846153848	0.08653846153846154	0.07051282051282051	0.08012820512820513	0.035256410256410256	0.038461538461538464	0.038461538461538464	0.028846153846153848	0.035256410256410256	0.0641025641025641	0.02564102564102564	0.09615384615384616	0.00641025641025641	0.04487179487179487
Q84ZW8	0.05084745762711865	0.01864406779661017	0.05084745762711865	0.08305084745762711	0.04067796610169491	0.04406779661016949	0.030508474576271188	0.04576271186440678	0.05084745762711865	0.12372881355932204	0.02711864406779661	0.0288135593220339	0.030508474576271188	0.04067796610169491	0.059322033898305086	0.10847457627118644	0.05593220338983051	0.06440677966101695	0.015254237288135594	0.030508474576271188
Q9VFR0	0.06734006734006734	0.010101010101010102	0.09764309764309764	0.09090909090909091	0.037037037037037035	0.050505050505050504	0.013468013468013467	0.06734006734006734	0.0707070707070707	0.09427609427609428	0.026936026936026935	0.04040404040404041	0.04040404040404041	0.06734006734006734	0.037037037037037035	0.07407407407407407	0.04040404040404041	0.04713804713804714	0.003367003367003367	0.02356902356902357
Q09014	0.05897435897435897	0.007692307692307693	0.05897435897435897	0.07179487179487179	0.035897435897435895	0.06153846153846154	0.023076923076923078	0.05384615384615385	0.06666666666666667	0.06923076923076923	0.023076923076923078	0.020512820512820513	0.07948717948717948	0.04358974358974359	0.08205128205128205	0.0641025641025641	0.06153846153846154	0.06153846153846154	0.017948717948717947	0.038461538461538464
P48025	0.06359300476947535	0.014308426073131956	0.04451510333863275	0.07313195548489666	0.02702702702702703	0.0794912559618442	0.03179650238473768	0.04292527821939587	0.07154213036565978	0.09379968203497616	0.030206677265500796	0.04769475357710652	0.06200317965023847	0.0397456279809221	0.0492845786963434	0.058823529411764705	0.04133545310015898	0.05564387917329094	0.017488076311605722	0.05564387917329094
Q8GHB2	0.13580246913580246	0.015432098765432098	0.07098765432098765	0.04938271604938271	0.05246913580246913	0.07716049382716049	0.040123456790123455	0.040123456790123455	0.024691358024691357	0.08950617283950617	0.018518518518518517	0.018518518518518517	0.05246913580246913	0.024691358024691357	0.07407407407407407	0.05246913580246913	0.05246913580246913	0.06481481481481481	0.018518518518518517	0.027777777777777776
P0DPC1	0.13043478260869565	0.014492753623188406	0.057971014492753624	0.06280193236714976	0.028985507246376812	0.05314009661835749	0.024154589371980676	0.028985507246376812	0.00966183574879227	0.11594202898550725	0.033816425120772944	0.014492753623188406	0.06280193236714976	0.04830917874396135	0.08695652173913043	0.05314009661835749	0.03864734299516908	0.07729468599033816	0.024154589371980676	0.033816425120772944
Q9ZGI3	0.15685019206145967	0.004481434058898848	0.0678617157490397	0.05761843790012804	0.020486555697823303	0.10051216389244558	0.026888604353393086	0.027528809218950064	0.013444302176696543	0.10371318822023047	0.012804097311139564	0.01088348271446863	0.06209987195902689	0.03329065300896287	0.0678617157490397	0.05569782330345711	0.06530089628681178	0.08194622279129321	0.019206145966709345	0.011523687580025609
P00431	0.09141274238227147	0.002770083102493075	0.06925207756232687	0.055401662049861494	0.055401662049861494	0.08310249307479224	0.0221606648199446	0.024930747922437674	0.07202216066481995	0.08587257617728532	0.01662049861495845	0.06371191135734072	0.04986149584487535	0.030470914127423823	0.038781163434903045	0.07202216066481995	0.055401662049861494	0.04155124653739612	0.024930747922437674	0.0443213296398892
Q9JMH6	0.058823529411764705	0.03431372549019608	0.0457516339869281	0.06372549019607843	0.03594771241830065	0.09803921568627451	0.016339869281045753	0.05555555555555555	0.06372549019607843	0.08333333333333333	0.011437908496732025	0.03594771241830065	0.07352941176470588	0.032679738562091505	0.04738562091503268	0.05392156862745098	0.06862745098039216	0.07679738562091504	0.014705882352941176	0.029411764705882353
Q8KWT6	0.05392156862745098	0.00980392156862745	0.06372549019607843	0.04411764705882353	0.05392156862745098	0.049019607843137254	0.029411764705882353	0.08333333333333333	0.0784313725490196	0.10294117647058823	0.024509803921568627	0.04411764705882353	0.04411764705882353	0.029411764705882353	0.029411764705882353	0.08823529411764706	0.0784313725490196	0.04411764705882353	0.004901960784313725	0.04411764705882353
P00015	0.06666666666666667	0.01904761904761905	0.02857142857142857	0.0761904761904762	0.0380952380952381	0.11428571428571428	0.01904761904761905	0.05714285714285714	0.1619047619047619	0.05714285714285714	0.02857142857142857	0.0380952380952381	0.0380952380952381	0.0380952380952381	0.01904761904761905	0.047619047619047616	0.06666666666666667	0.02857142857142857	0.01904761904761905	0.0380952380952381
P50118	0.08115942028985507	0.034782608695652174	0.03768115942028986	0.04927536231884058	0.034782608695652174	0.0782608695652174	0.02608695652173913	0.043478260869565216	0.034782608695652174	0.12173913043478261	0.008695652173913044	0.020289855072463767	0.0782608695652174	0.0463768115942029	0.07536231884057971	0.0782608695652174	0.0463768115942029	0.06376811594202898	0.014492753623188406	0.02608695652173913
O22229	0.0831758034026465	0.013232514177693762	0.035916824196597356	0.08128544423440454	0.03213610586011342	0.08128544423440454	0.026465028355387523	0.05103969754253308	0.04725897920604915	0.08128544423440454	0.01890359168241966	0.03213610586011342	0.04725897920604915	0.03780718336483932	0.06049149338374291	0.07939508506616257	0.07939508506616257	0.07372400756143667	0.005671077504725898	0.03213610586011342
Q8HXQ3	0.05844155844155844	0.01948051948051948	0.06493506493506493	0.05844155844155844	0.025974025974025976	0.15584415584415584	0.05194805194805195	0.05844155844155844	0.07142857142857142	0.05844155844155844	0.012987012987012988	0.045454545454545456	0.032467532467532464	0.032467532467532464	0.032467532467532464	0.07142857142857142	0.05194805194805195	0.09090909090909091	0	0.006493506493506494
P24464	0.0531496062992126	0.00984251968503937	0.05511811023622047	0.03740157480314961	0.0610236220472441	0.051181102362204724	0.03346456692913386	0.06692913385826772	0.05708661417322835	0.11811023622047244	0.025590551181102362	0.02952755905511811	0.05905511811023622	0.0531496062992126	0.0610236220472441	0.07677165354330709	0.05511811023622047	0.04330708661417323	0.021653543307086614	0.031496062992125984
Q937N8	0.11507479861910241	0.009205983889528193	0.06904487917146145	0.06329113924050633	0.02991944764096663	0.07825086306098965	0.01611047180667434	0.05638665132336018	0.04257767548906789	0.09551208285385501	0.019562715765247412	0.039125431530494824	0.05638665132336018	0.026467203682393557	0.06559263521288838	0.047180667433831994	0.05523590333716916	0.0759493670886076	0.011507479861910242	0.02761795166858458
Q9XVJ2	0.0749063670411985	0.0149812734082397	0.056179775280898875	0.07865168539325842	0.056179775280898875	0.07116104868913857	0.0449438202247191	0.07865168539325842	0.06741573033707865	0.07116104868913857	0.04119850187265917	0.04868913857677903	0.026217228464419477	0.018726591760299626	0.03745318352059925	0.04868913857677903	0.07116104868913857	0.06367041198501873	0	0.0299625468164794
P9WQG9	0.12154696132596685	0.011049723756906077	0.07734806629834254	0.03314917127071823	0.016574585635359115	0.08839779005524862	0.049723756906077346	0.04419889502762431	0	0.09392265193370165	0.027624309392265192	0.0055248618784530384	0.03314917127071823	0.03867403314917127	0.09392265193370165	0.049723756906077346	0.0718232044198895	0.08287292817679558	0.03867403314917127	0.022099447513812154
G5EE56	0.05628517823639775	0.016885553470919325	0.06191369606003752	0.06378986866791744	0.0375234521575985	0.0900562851782364	0.0225140712945591	0.043151969981238276	0.04690431519699812	0.07879924953095685	0.03189493433395872	0.03564727954971857	0.0525328330206379	0.0525328330206379	0.075046904315197	0.0450281425891182	0.06378986866791744	0.06191369606003752	0.016885553470919325	0.04690431519699812
Q9Z1B5	0.03902439024390244	0.01951219512195122	0.03902439024390244	0.1024390243902439	0.04390243902439024	0.03902439024390244	0.004878048780487805	0.07804878048780488	0.06341463414634146	0.09268292682926829	0.00975609756097561	0.03414634146341464	0.02926829268292683	0.05853658536585366	0.05365853658536585	0.06829268292682927	0.08292682926829269	0.09268292682926829	0.014634146341463415	0.03414634146341464
P10650	0.08959537572254335	0.028901734104046242	0.04046242774566474	0.04046242774566474	0.028901734104046242	0.07514450867052024	0.02601156069364162	0.04046242774566474	0.04046242774566474	0.12716763005780346	0.008670520231213872	0.023121387283236993	0.08092485549132948	0.03757225433526012	0.06647398843930635	0.08670520231213873	0.049132947976878616	0.06358381502890173	0.014450867052023121	0.031791907514450865
Q5W252	0.11148648648648649	0.01126126126126126	0.05630630630630631	0.05630630630630631	0.039414414414414414	0.06756756756756757	0.0259009009009009	0.04842342342342342	0.03265765765765766	0.11036036036036036	0.02927927927927928	0.02364864864864865	0.04842342342342342	0.05405405405405406	0.0731981981981982	0.05292792792792793	0.05855855855855856	0.05292792792792793	0.016891891891891893	0.030405405405405407
Q9ZU82	0.09137055837563451	0.01015228426395939	0.03553299492385787	0.04060913705583756	0.07614213197969544	0.050761421319796954	0.01015228426395939	0.030456852791878174	0.05583756345177665	0.116751269035533	0.030456852791878174	0.025380710659898477	0.07106598984771574	0.005076142131979695	0.050761421319796954	0.1218274111675127	0.06091370558375635	0.050761421319796954	0.04060913705583756	0.025380710659898477
P21133	0.0896358543417367	0.022408963585434174	0.03081232492997199	0.07563025210084033	0.036414565826330535	0.0896358543417367	0.0392156862745098	0.058823529411764705	0.05322128851540616	0.0896358543417367	0.025210084033613446	0.05042016806722689	0.04201680672268908	0.036414565826330535	0.04481792717086835	0.058823529411764705	0.0700280112044818	0.047619047619047616	0.011204481792717087	0.028011204481792718
Q06849	0.04891304347826087	0.010869565217391304	0.059782608695652176	0.07065217391304347	0.02717391304347826	0.07608695652173914	0.021739130434782608	0.059782608695652176	0.059782608695652176	0.15760869565217392	0.03260869565217391	0.043478260869565216	0.016304347826086956	0.03260869565217391	0.05434782608695652	0.059782608695652176	0.07065217391304347	0.05434782608695652	0.02717391304347826	0.016304347826086956
P63005	0.05121951219512195	0.024390243902439025	0.06341463414634146	0.07560975609756097	0.03414634146341464	0.06097560975609756	0.03902439024390244	0.03902439024390244	0.08292682926829269	0.06585365853658537	0.03170731707317073	0.026829268292682926	0.03170731707317073	0.024390243902439025	0.05365853658536585	0.09024390243902439	0.06585365853658537	0.08536585365853659	0.02926829268292683	0.024390243902439025
Q819D1	0.07251908396946564	0.011450381679389313	0.04198473282442748	0.11450381679389313	0.030534351145038167	0.05725190839694656	0.026717557251908396	0.05343511450381679	0.05725190839694656	0.09541984732824428	0.030534351145038167	0.05725190839694656	0.04961832061068702	0.03816793893129771	0.030534351145038167	0.061068702290076333	0.06870229007633588	0.07251908396946564	0	0.030534351145038167
P49134	0.04130162703379224	0.07133917396745933	0.04881101376720901	0.07384230287859825	0.03754693366708386	0.07884856070087609	0.017521902377972465	0.057571964956195244	0.07008760951188986	0.07008760951188986	0.016270337922403004	0.07259073842302878	0.04380475594493116	0.03879849812265332	0.03754693366708386	0.06758448060075094	0.057571964956195244	0.06382978723404255	0.007509386733416771	0.02753441802252816
P27550	0.08895705521472393	0.010736196319018405	0.0598159509202454	0.06441717791411043	0.02607361963190184	0.08742331288343558	0.029141104294478526	0.06288343558282208	0.05061349693251534	0.07515337423312883	0.019938650306748466	0.03987730061349693	0.05521472392638037	0.032208588957055216	0.04447852760736196	0.05214723926380368	0.06441717791411043	0.07208588957055215	0.029141104294478526	0.0352760736196319
P0AAJ3	0.08843537414965986	0.05782312925170068	0.06462585034013606	0.07142857142857142	0.023809523809523808	0.08503401360544217	0.03741496598639456	0.06462585034013606	0.06802721088435375	0.05782312925170068	0.02040816326530612	0.03741496598639456	0.05102040816326531	0.030612244897959183	0.034013605442176874	0.04421768707482993	0.04421768707482993	0.07142857142857142	0.013605442176870748	0.034013605442176874
P73911	0.09018567639257294	0.005305039787798408	0.07029177718832891	0.0636604774535809	0.03050397877984085	0.09151193633952255	0.03050397877984085	0.03978779840848806	0.04774535809018567	0.08090185676392574	0.03050397877984085	0.05570291777188329	0.05968169761273209	0.03713527851458886	0.054376657824933686	0.038461538461538464	0.05172413793103448	0.05702917771883289	0.034482758620689655	0.03050397877984085
E3VWK3	0.08732876712328767	0.011986301369863013	0.06164383561643835	0.07705479452054795	0.032534246575342464	0.10102739726027397	0.025684931506849314	0.03767123287671233	0.030821917808219176	0.0958904109589041	0.011986301369863013	0.025684931506849314	0.04965753424657534	0.03595890410958904	0.08904109589041095	0.032534246575342464	0.0702054794520548	0.06335616438356165	0.02054794520547945	0.039383561643835614
O16519	0.06935483870967742	0.014516129032258065	0.07741935483870968	0.06290322580645161	0.04032258064516129	0.06129032258064516	0.01935483870967742	0.05161290322580645	0.07741935483870968	0.06612903225806452	0.025806451612903226	0.041935483870967745	0.05967741935483871	0.04032258064516129	0.05161290322580645	0.09193548387096774	0.05161290322580645	0.06129032258064516	0.01129032258064516	0.024193548387096774
P09671	0.0945945945945946	0.018018018018018018	0.03153153153153153	0.05855855855855856	0.02702702702702703	0.1036036036036036	0.04954954954954955	0.04504504504504504	0.07207207207207207	0.0990990990990991	0.009009009009009009	0.05855855855855856	0.04504504504504504	0.04504504504504504	0.036036036036036036	0.04054054054054054	0.04954954954954955	0.04954954954954955	0.02702702702702703	0.04054054054054054
Q5B1Z0	0.09615384615384616	0.003205128205128205	0.08333333333333333	0.05128205128205128	0.05128205128205128	0.10256410256410256	0.03205128205128205	0.028846153846153848	0.060897435897435896	0.07051282051282051	0.022435897435897436	0.038461538461538464	0.08012820512820513	0.028846153846153848	0.060897435897435896	0.04807692307692308	0.038461538461538464	0.05128205128205128	0.022435897435897436	0.028846153846153848
P69905	0.14788732394366197	0.007042253521126761	0.056338028169014086	0.028169014084507043	0.04929577464788732	0.04929577464788732	0.07042253521126761	0	0.07746478873239436	0.1267605633802817	0.02112676056338028	0.028169014084507043	0.04929577464788732	0.007042253521126761	0.02112676056338028	0.07746478873239436	0.06338028169014084	0.09154929577464789	0.007042253521126761	0.02112676056338028
Q42592	0.09408602150537634	0.005376344086021506	0.056451612903225805	0.06182795698924731	0.03494623655913978	0.06720430107526881	0.016129032258064516	0.04032258064516129	0.06989247311827956	0.09946236559139784	0.010752688172043012	0.03494623655913978	0.06182795698924731	0.016129032258064516	0.053763440860215055	0.13440860215053763	0.06451612903225806	0.03494623655913978	0.013440860215053764	0.02956989247311828
