P43680	0.1273209549071618	0.015915119363395226	0.04509283819628647	0.07161803713527852	0.03183023872679045	0.06896551724137931	0.010610079575596816	0.010610079575596816	0.029177718832891247	0.10610079575596817	0.013262599469496022	0.021220159151193633	0.13793103448275862	0.026525198938992044	0.09018567639257294	0.08222811671087533	0.03978779840848806	0.029177718832891247	0.010610079575596816	0.03183023872679045
P31548	0.09051724137931035	0.008620689655172414	0.034482758620689655	0.03879310344827586	0.021551724137931036	0.08620689655172414	0.02586206896551724	0.04741379310344827	0.02586206896551724	0.15517241379310345	0.04741379310344827	0.034482758620689655	0.04741379310344827	0.0603448275862069	0.0603448275862069	0.07758620689655173	0.06465517241379311	0.0603448275862069	0.008620689655172414	0.004310344827586207
O48560	0.052845528455284556	0.012195121951219513	0.07113821138211382	0.054878048780487805	0.06300813008130081	0.054878048780487805	0.046747967479674794	0.046747967479674794	0.046747967479674794	0.07520325203252033	0.016260162601626018	0.06097560975609756	0.07317073170731707	0.028455284552845527	0.07317073170731707	0.06300813008130081	0.042682926829268296	0.06300813008130081	0.02032520325203252	0.034552845528455285
P01923	0.14893617021276595	0.0070921985815602835	0.06382978723404255	0.02127659574468085	0.04964539007092199	0.04964539007092199	0.07092198581560284	0	0.07801418439716312	0.1276595744680851	0.014184397163120567	0.028368794326241134	0.04964539007092199	0.0070921985815602835	0.02127659574468085	0.07801418439716312	0.06382978723404255	0.09219858156028368	0.0070921985815602835	0.02127659574468085
Q2YDJ0	0.060215053763440864	0.008602150537634409	0.030107526881720432	0.08387096774193549	0.021505376344086023	0.04946236559139785	0.04086021505376344	0.021505376344086023	0.11827956989247312	0.07526881720430108	0.0064516129032258064	0.05591397849462366	0.06451612903225806	0.05161290322580645	0.07741935483870968	0.09247311827956989	0.06881720430107527	0.060215053763440864	0.002150537634408602	0.010752688172043012
P11276	0.04481227291077917	0.025837706903512312	0.04965684295518773	0.05853855470327009	0.021800565199838515	0.08195397658457812	0.018974566007266856	0.052079127977392004	0.031489705288655634	0.05894226887363747	0.009285425918449738	0.04440855874041179	0.07751312071053694	0.05369398465886153	0.05329027048849415	0.07710940654016955	0.1065805409769883	0.07710940654016955	0.016148566814695196	0.04077513120710537
P31442	0.10152284263959391	0.017766497461928935	0.017766497461928935	0.012690355329949238	0.048223350253807105	0.1065989847715736	0.005076142131979695	0.04568527918781726	0.007614213197969543	0.1700507614213198	0.06598984771573604	0.027918781725888325	0.050761421319796954	0.03299492385786802	0.048223350253807105	0.06091370558375635	0.0583756345177665	0.07868020304568528	0.02284263959390863	0.02030456852791878
Q64462	0.060665362035225046	0.01761252446183953	0.06457925636007827	0.0410958904109589	0.06457925636007827	0.05870841487279843	0.03718199608610567	0.043052837573385516	0.05870841487279843	0.12524461839530332	0.03131115459882583	0.01761252446183953	0.060665362035225046	0.04500978473581213	0.05870841487279843	0.06457925636007827	0.03913894324853229	0.05283757338551859	0.021526418786692758	0.03718199608610567
O88767	0.1111111111111111	0.021164021164021163	0.047619047619047616	0.07407407407407407	0.015873015873015872	0.08994708994708994	0.015873015873015872	0.05291005291005291	0.07936507936507936	0.10052910052910052	0.031746031746031744	0.026455026455026454	0.047619047619047616	0.026455026455026454	0.037037037037037035	0.06878306878306878	0.042328042328042326	0.09523809523809523	0	0.015873015873015872
Q6DJ08	0.076158940397351	0.023178807947019868	0.023178807947019868	0.029801324503311258	0.056291390728476824	0.08940397350993377	0.026490066225165563	0.039735099337748346	0.052980132450331126	0.11920529801324503	0.046357615894039736	0.026490066225165563	0.052980132450331126	0.03642384105960265	0.052980132450331126	0.076158940397351	0.059602649006622516	0.06622516556291391	0.009933774834437087	0.03642384105960265
Q9UUJ9	0.07485604606525911	0.013435700575815739	0.05758157389635317	0.061420345489443376	0.04030710172744722	0.07485604606525911	0.036468330134357005	0.08445297504798464	0.05566218809980806	0.08445297504798464	0.02111324376199616	0.05182341650671785	0.06525911708253358	0.026871401151631478	0.05182341650671785	0.05566218809980806	0.05182341650671785	0.053742802303262956	0.007677543186180422	0.030710172744721688
P52800	0.050595238095238096	0.023809523809523808	0.047619047619047616	0.03869047619047619	0.026785714285714284	0.08035714285714286	0.020833333333333332	0.06547619047619048	0.0625	0.08035714285714286	0.020833333333333332	0.05357142857142857	0.0625	0.03869047619047619	0.05357142857142857	0.09523809523809523	0.05654761904761905	0.06547619047619048	0.011904761904761904	0.044642857142857144
Q9N2W5	0.08970099667774087	0.0033222591362126247	0.059800664451827246	0.07308970099667775	0.029900332225913623	0.08637873754152824	0.026578073089700997	0.04983388704318937	0.036544850498338874	0.059800664451827246	0.023255813953488372	0.053156146179401995	0.07973421926910298	0.046511627906976744	0.06312292358803986	0.07641196013289037	0.0664451827242525	0.05647840531561462	0.0033222591362126247	0.016611295681063124
P07428	0.1056338028169014	0.02112676056338028	0.08450704225352113	0.02112676056338028	0.056338028169014086	0.04225352112676056	0.08450704225352113	0.04225352112676056	0.09859154929577464	0.1056338028169014	0.02112676056338028	0.035211267605633804	0.04929577464788732	0.014084507042253521	0.02112676056338028	0.06338028169014084	0.035211267605633804	0.06338028169014084	0.007042253521126761	0.028169014084507043
P37902	0.09933774834437085	0.006622516556291391	0.076158940397351	0.052980132450331126	0.04304635761589404	0.056291390728476824	0.006622516556291391	0.046357615894039736	0.10596026490066225	0.08609271523178808	0.029801324503311258	0.06291390728476821	0.04304635761589404	0.052980132450331126	0.033112582781456956	0.059602649006622516	0.04966887417218543	0.06291390728476821	0.009933774834437087	0.016556291390728478
O45717	0.040955631399317405	0.006825938566552901	0.07167235494880546	0.14334470989761092	0.020477815699658702	0.023890784982935155	0.034129692832764506	0.05460750853242321	0.05460750853242321	0.08873720136518772	0.03754266211604096	0.04778156996587031	0.027303754266211604	0.06484641638225255	0.09215017064846416	0.08191126279863481	0.05460750853242321	0.04778156996587031	0	0.006825938566552901
P63005	0.05121951219512195	0.024390243902439025	0.06341463414634146	0.07560975609756097	0.03414634146341464	0.06097560975609756	0.03902439024390244	0.03902439024390244	0.08292682926829269	0.06585365853658537	0.03170731707317073	0.026829268292682926	0.03170731707317073	0.024390243902439025	0.05365853658536585	0.09024390243902439	0.06585365853658537	0.08536585365853659	0.02926829268292683	0.024390243902439025
P40475	0.0852575488454707	0.021314387211367674	0.03197158081705151	0.037300177619893425	0.0586145648312611	0.0674955595026643	0.017761989342806393	0.0763765541740675	0.05328596802841918	0.11367673179396093	0.017761989342806393	0.04440497335701599	0.02664298401420959	0.023090586145648313	0.046181172291296625	0.10124333925399645	0.06927175843694494	0.0674955595026643	0.014209591474245116	0.02664298401420959
Q3V3R1	0.08188331627430911	0.015353121801432957	0.05834186284544524	0.05834186284544524	0.02968270214943705	0.08597748208802457	0.019447287615148412	0.05834186284544524	0.06141248720573183	0.11258955987717502	0.01842374616171955	0.030706243602865915	0.057318321392016376	0.044012282497441144	0.0511770726714432	0.062436028659160696	0.05322415557830092	0.08188331627430911	0.007164790174002047	0.012282497441146366
P82600	0.0759493670886076	0.02531645569620253	0.056962025316455694	0.06582278481012659	0.056962025316455694	0.06582278481012659	0.026582278481012658	0.03417721518987342	0.03164556962025317	0.09113924050632911	0.020253164556962026	0.04430379746835443	0.0670886075949367	0.04430379746835443	0.0759493670886076	0.05063291139240506	0.05063291139240506	0.06582278481012659	0.010126582278481013	0.04050632911392405
Q68VV0	0.05922551252847381	0.010250569476082005	0.04669703872437358	0.06036446469248292	0.03530751708428246	0.07403189066059225	0.014806378132118452	0.08769931662870159	0.06492027334851937	0.09225512528473805	0.023917995444191344	0.0785876993166287	0.03986332574031891	0.02733485193621868	0.02847380410022779	0.07061503416856492	0.06719817767653759	0.06719817767653759	0.011389521640091117	0.03986332574031891
O13290	0.03813155386081983	0.02359389895138227	0.05052430886558627	0.06530028598665395	0.06935176358436607	0.028360343183984747	0.01835081029551954	0.07602478551000953	0.07149666348903717	0.12988560533841753	0.016205910390848427	0.06387035271687322	0.02669208770257388	0.0378932316491897	0.035510009532888465	0.09795042897998094	0.05624404194470925	0.04861773117254528	0.011916110581506196	0.034080076263107724
Q00655	0.06210191082802548	0.014331210191082803	0.044585987261146494	0.07802547770700637	0.028662420382165606	0.07802547770700637	0.028662420382165606	0.041401273885350316	0.0732484076433121	0.09713375796178345	0.028662420382165606	0.04617834394904458	0.054140127388535034	0.042993630573248405	0.052547770700636945	0.06210191082802548	0.03503184713375796	0.05732484076433121	0.01751592356687898	0.05732484076433121
Q03131	0.16356344886851906	0.00859352621025494	0.0584359782297336	0.06989401317674018	0.026639931251790316	0.10283586364938413	0.019192208536236037	0.020910913778287025	0.006301919220853624	0.09653394442853051	0.013463191062732742	0.011171584073331424	0.057003723861357776	0.023775422515038672	0.08536236035519908	0.06215983958751074	0.050128902893153825	0.09796619879690634	0.01632769979948439	0.0097393297049556
P28474	0.08823529411764706	0.0374331550802139	0.0427807486631016	0.06149732620320856	0.0427807486631016	0.10962566844919786	0.016042780748663103	0.06684491978609626	0.08021390374331551	0.05614973262032086	0.02406417112299465	0.0213903743315508	0.040106951871657755	0.02406417112299465	0.02406417112299465	0.0748663101604278	0.058823529411764705	0.10427807486631016	0.0106951871657754	0.016042780748663103
P16922	0.12857142857142856	0.017142857142857144	0.05714285714285714	0.05714285714285714	0.014285714285714285	0.10571428571428572	0.017142857142857144	0.037142857142857144	0.017142857142857144	0.13428571428571429	0.014285714285714285	0.017142857142857144	0.05714285714285714	0.03428571428571429	0.11714285714285715	0.04285714285714286	0.037142857142857144	0.06571428571428571	0.011428571428571429	0.017142857142857144
P0CP56	0.12063492063492064	0.009523809523809525	0.06666666666666667	0.05714285714285714	0.047619047619047616	0.11746031746031746	0.025396825396825397	0.031746031746031744	0.044444444444444446	0.08571428571428572	0.031746031746031744	0.0380952380952381	0.06666666666666667	0.031746031746031744	0.050793650793650794	0.05714285714285714	0.025396825396825397	0.05396825396825397	0.01904761904761905	0.01904761904761905
Q6WZB0	0.13128491620111732	0.002793296089385475	0.08659217877094973	0.05027932960893855	0.0335195530726257	0.07262569832402235	0.0335195530726257	0.025139664804469275	0.0111731843575419	0.10893854748603352	0.008379888268156424	0.01675977653631285	0.0670391061452514	0.0335195530726257	0.10614525139664804	0.05027932960893855	0.05865921787709497	0.0670391061452514	0.019553072625698324	0.01675977653631285
Q8ZP52	0.08754208754208755	0.007856341189674524	0.06509539842873176	0.06060606060606061	0.025813692480359147	0.08866442199775533	0.017957351290684626	0.04826038159371493	0.04489337822671156	0.10101010101010101	0.030303030303030304	0.03479236812570146	0.05611672278338945	0.031425364758698095	0.05499438832772166	0.06172839506172839	0.06060606060606061	0.07407407407407407	0.015712682379349047	0.03254769921436588
Q8X182	0.09296148738379814	0.0026560424966799467	0.07702523240371846	0.055776892430278883	0.03718459495351926	0.09694555112881806	0.029216467463479414	0.03718459495351926	0.0650730411686587	0.08632138114209828	0.01593625498007968	0.0398406374501992	0.057104913678618856	0.029216467463479414	0.05046480743691899	0.05444887118193891	0.06108897742363878	0.05046480743691899	0.03187250996015936	0.029216467463479414
P83773	0.06679389312977099	0.007633587786259542	0.0648854961832061	0.04961832061068702	0.04389312977099236	0.07061068702290077	0.03435114503816794	0.06297709923664122	0.06679389312977099	0.07824427480916031	0.022900763358778626	0.04961832061068702	0.0648854961832061	0.03625954198473282	0.03816793893129771	0.07251908396946564	0.061068702290076333	0.07061068702290077	0.009541984732824428	0.02862595419847328
Q9GZM8	0.08985507246376812	0.008695652173913044	0.057971014492753624	0.10434782608695652	0.034782608695652174	0.05217391304347826	0.008695652173913044	0.02318840579710145	0.06666666666666667	0.11014492753623188	0.008695652173913044	0.04057971014492753	0.05217391304347826	0.06376811594202898	0.06666666666666667	0.09855072463768116	0.034782608695652174	0.05507246376811594	0.002898550724637681	0.020289855072463767
P60631	0.12831858407079647	0.022123893805309734	0.04424778761061947	0.048672566371681415	0.017699115044247787	0.07964601769911504	0.035398230088495575	0.09734513274336283	0.017699115044247787	0.07964601769911504	0.022123893805309734	0.022123893805309734	0.05752212389380531	0.035398230088495575	0.061946902654867256	0.07079646017699115	0.05752212389380531	0.07964601769911504	0.008849557522123894	0.01327433628318584
Q08911	0.0851063829787234	0.010638297872340425	0.06382978723404255	0.07446808510638298	0.02127659574468085	0.0797872340425532	0.023936170212765957	0.06648936170212766	0.07712765957446809	0.07712765957446809	0.015957446808510637	0.05851063829787234	0.031914893617021274	0.034574468085106384	0.047872340425531915	0.04521276595744681	0.047872340425531915	0.08776595744680851	0.007978723404255319	0.0425531914893617
P09212	0.05228758169934641	0.0196078431372549	0.06535947712418301	0.06535947712418301	0.026143790849673203	0.16339869281045752	0.05228758169934641	0.0457516339869281	0.06535947712418301	0.06535947712418301	0.013071895424836602	0.0392156862745098	0.0392156862745098	0.0196078431372549	0.032679738562091505	0.06535947712418301	0.06535947712418301	0.10457516339869281	0	0
P39946	0.030364372469635626	0.020242914979757085	0.06275303643724696	0.04251012145748988	0.04048582995951417	0.03643724696356275	0.04251012145748988	0.06477732793522267	0.06072874493927125	0.0951417004048583	0.016194331983805668	0.06072874493927125	0.038461538461538464	0.05060728744939271	0.044534412955465584	0.09109311740890688	0.0728744939271255	0.07692307692307693	0.030364372469635626	0.022267206477732792
Q90486	0.12837837837837837	0.02702702702702703	0.0472972972972973	0.04054054054054054	0.04054054054054054	0.06756756756756757	0.02702702702702703	0.0472972972972973	0.0472972972972973	0.08783783783783784	0.04054054054054054	0.05405405405405406	0.033783783783783786	0.04054054054054054	0.0472972972972973	0.04054054054054054	0.0472972972972973	0.08108108108108109	0.02702702702702703	0.02702702702702703
Q08879	0.04113475177304964	0.10212765957446808	0.06099290780141844	0.07092198581560284	0.03687943262411347	0.075177304964539	0.02553191489361702	0.05673758865248227	0.024113475177304965	0.06099290780141844	0.011347517730496455	0.05815602836879433	0.0524822695035461	0.0425531914893617	0.06382978723404255	0.08085106382978724	0.04539007092198582	0.05815602836879433	0.0014184397163120568	0.031205673758865248
Q9JII6	0.08307692307692308	0.012307692307692308	0.04923076923076923	0.06769230769230769	0.024615384615384615	0.055384615384615386	0.04	0.043076923076923075	0.06153846153846154	0.11076923076923077	0.015384615384615385	0.036923076923076927	0.07076923076923076	0.036923076923076927	0.052307692307692305	0.06153846153846154	0.04	0.08	0.021538461538461538	0.036923076923076927
P93143	0.060897435897435896	0.009615384615384616	0.04807692307692308	0.07692307692307693	0.041666666666666664	0.07692307692307693	0.02564102564102564	0.08333333333333333	0.09294871794871795	0.09294871794871795	0.022435897435897436	0.03205128205128205	0.03205128205128205	0.035256410256410256	0.03205128205128205	0.0641025641025641	0.041666666666666664	0.08333333333333333	0.003205128205128205	0.04487179487179487
Q7Z7W6	0.11989459815546773	0.002635046113306983	0.0764163372859025	0.05138339920948617	0.05006587615283267	0.08827404479578392	0.02766798418972332	0.030303030303030304	0.057971014492753624	0.08168642951251646	0.019762845849802372	0.04743083003952569	0.05533596837944664	0.028985507246376812	0.05665349143610013	0.052700922266139656	0.05533596837944664	0.0461133069828722	0.03162055335968379	0.019762845849802372
Q7T394	0.05609756097560976	0.02195121951219512	0.06341463414634146	0.07560975609756097	0.026829268292682926	0.06097560975609756	0.04390243902439024	0.05365853658536585	0.08292682926829269	0.06341463414634146	0.026829268292682926	0.026829268292682926	0.036585365853658534	0.02195121951219512	0.05365853658536585	0.07804878048780488	0.06829268292682927	0.08780487804878048	0.02926829268292683	0.02195121951219512
Q9NYQ2	0.09631728045325778	0.0226628895184136	0.06515580736543909	0.05099150141643059	0.0226628895184136	0.0708215297450425	0.014164305949008499	0.0821529745042493	0.059490084985835696	0.11048158640226628	0.0169971671388102	0.036827195467422094	0.042492917847025496	0.036827195467422094	0.059490084985835696	0.07365439093484419	0.039660056657223795	0.06232294617563739	0.0169971671388102	0.019830028328611898
Q9WXT2	0.07384615384615385	0.015384615384615385	0.055384615384615386	0.08	0.07384615384615385	0.08307692307692308	0.018461538461538463	0.04	0.06153846153846154	0.07692307692307693	0.018461538461538463	0.021538461538461538	0.06769230769230769	0.03076923076923077	0.05846153846153846	0.04	0.04	0.07076923076923076	0.015384615384615385	0.05846153846153846
P06467	0.09154929577464789	0.014084507042253521	0.04225352112676056	0.06338028169014084	0.056338028169014086	0.028169014084507043	0.04929577464788732	0.056338028169014086	0.06338028169014084	0.11267605633802817	0.056338028169014086	0.02112676056338028	0.04225352112676056	0.028169014084507043	0.04225352112676056	0.08450704225352113	0.06338028169014084	0.04225352112676056	0.014084507042253521	0.028169014084507043
Q54824	0.14849187935034802	0.002320185614849188	0.048723897911832945	0.05568445475638051	0.03944315545243619	0.08120649651972157	0.03480278422273782	0.02088167053364269	0.0069605568445475635	0.10440835266821345	0.02320185614849188	0.016241299303944315	0.08120649651972157	0.03944315545243619	0.07424593967517401	0.03248259860788863	0.05568445475638051	0.09976798143851508	0.027842227378190254	0.0069605568445475635
Q84HC8	0.16265060240963855	0.0030120481927710845	0.07228915662650602	0.04216867469879518	0.02710843373493976	0.12349397590361445	0.045180722891566265	0.02710843373493976	0.015060240963855422	0.12650602409638553	0.02108433734939759	0.0030120481927710845	0.024096385542168676	0.018072289156626505	0.06325301204819277	0.06325301204819277	0.045180722891566265	0.08132530120481928	0.012048192771084338	0.024096385542168676
P0DMM9	0.04745762711864407	0.006779661016949152	0.05423728813559322	0.08135593220338982	0.04745762711864407	0.04745762711864407	0.02711864406779661	0.03389830508474576	0.06779661016949153	0.09491525423728814	0.04406779661016949	0.02711864406779661	0.08135593220338982	0.04406779661016949	0.04406779661016949	0.061016949152542375	0.0576271186440678	0.06440677966101695	0.020338983050847456	0.04745762711864407
P09671	0.0945945945945946	0.018018018018018018	0.03153153153153153	0.05855855855855856	0.02702702702702703	0.1036036036036036	0.04954954954954955	0.04504504504504504	0.07207207207207207	0.0990990990990991	0.009009009009009009	0.05855855855855856	0.04504504504504504	0.04504504504504504	0.036036036036036036	0.04054054054054054	0.04954954954954955	0.04954954954954955	0.02702702702702703	0.04054054054054054
P45970	0.0828258221680877	0.010962241169305725	0.06090133982947625	0.10962241169305725	0.04141291108404385	0.028014616321559074	0.0097442143727162	0.037758830694275276	0.08647990255785627	0.09987819732034105	0.031668696711327646	0.04628501827040195	0.02192448233861145	0.04628501827040195	0.07064555420219244	0.10962241169305725	0.05481120584652863	0.0341047503045067	0.0060901339829476245	0.010962241169305725
Q9C1M7	0.05412686749938771	0.012490815576781777	0.055106539309331376	0.076904237080578	0.04800391868723977	0.03943179035023267	0.02228753367621847	0.07494489346069066	0.06980161645848641	0.11756061719324026	0.02302228753367622	0.04751408278226794	0.030124908155767818	0.045554739162380606	0.039921626255204505	0.08449669360764143	0.056086211119275045	0.06098457016899339	0.016164584864070537	0.02547146705853539
P61772	0.10204081632653061	0.013605442176870748	0.047619047619047616	0.047619047619047616	0.05442176870748299	0.08843537414965986	0.047619047619047616	0	0.07482993197278912	0.12244897959183673	0.013605442176870748	0.05442176870748299	0.04081632653061224	0.034013605442176874	0.027210884353741496	0.04081632653061224	0.034013605442176874	0.12244897959183673	0.013605442176870748	0.02040816326530612
Q9SAK2	0.05859872611464968	0.016560509554140127	0.06496815286624204	0.08280254777070063	0.04076433121019108	0.045859872611464965	0.02038216560509554	0.049681528662420385	0.0751592356687898	0.12101910828025478	0.017834394904458598	0.035668789808917196	0.03184713375796178	0.030573248407643312	0.05222929936305733	0.0929936305732484	0.048407643312101914	0.061146496815286625	0.016560509554140127	0.03694267515923567
Q9GL51	0.05365853658536585	0.024390243902439025	0.06341463414634146	0.07560975609756097	0.03414634146341464	0.06097560975609756	0.03902439024390244	0.03902439024390244	0.08292682926829269	0.06585365853658537	0.03170731707317073	0.026829268292682926	0.03170731707317073	0.024390243902439025	0.05365853658536585	0.08780487804878048	0.06585365853658537	0.08536585365853659	0.02926829268292683	0.024390243902439025
Q53U15	0.11090573012939002	0.02033271719038817	0.08317929759704251	0.04251386321626617	0.022181146025878003	0.11460258780036968	0.038817005545286505	0.022181146025878003	0.011090573012939002	0.09426987060998152	0.014787430683918669	0.024029574861367836	0.06284658040665435	0.012939001848428836	0.08872458410351201	0.059149722735674676	0.053604436229205174	0.07948243992606285	0.018484288354898338	0.025878003696857672
P04799	0.04678362573099415	0.01364522417153996	0.04483430799220273	0.05263157894736842	0.07212475633528265	0.056530214424951264	0.025341130604288498	0.05847953216374269	0.0682261208576998	0.10331384015594541	0.015594541910331383	0.050682261208576995	0.06432748538011696	0.04483430799220273	0.04483430799220273	0.06432748538011696	0.06042884990253411	0.07602339181286549	0.015594541910331383	0.021442495126705652
Q2L4H3	0.07710280373831775	0.014018691588785047	0.04672897196261682	0.07476635514018691	0.04906542056074766	0.08177570093457943	0.02570093457943925	0.07476635514018691	0.04672897196261682	0.08411214953271028	0.02102803738317757	0.037383177570093455	0.037383177570093455	0.030373831775700934	0.0630841121495327	0.0630841121495327	0.056074766355140186	0.06775700934579439	0.002336448598130841	0.04672897196261682
Q8HXP9	0.06493506493506493	0.01948051948051948	0.05844155844155844	0.06493506493506493	0.025974025974025976	0.16883116883116883	0.05194805194805195	0.05194805194805195	0.06493506493506493	0.05844155844155844	0.012987012987012988	0.045454545454545456	0.032467532467532464	0.032467532467532464	0.025974025974025976	0.07142857142857142	0.05194805194805195	0.09090909090909091	0.006493506493506494	0
O14035	0.09152542372881356	0.01694915254237288	0.03220338983050847	0.03559322033898305	0.06271186440677966	0.07627118644067797	0.01694915254237288	0.09322033898305085	0.04576271186440678	0.0847457627118644	0.01864406779661017	0.05254237288135593	0.04745762711864407	0.011864406779661017	0.02711864406779661	0.08135593220338982	0.06440677966101695	0.06610169491525424	0.04067796610169491	0.03389830508474576
Q2L6E3	0.09120521172638436	0.009771986970684038	0.06514657980456026	0.06840390879478828	0.05211726384364821	0.06188925081433225	0.016286644951140065	0.03257328990228013	0.04234527687296417	0.07166123778501629	0.026058631921824105	0.026058631921824105	0.03908794788273615	0.019543973941368076	0.05537459283387622	0.0749185667752443	0.07166123778501629	0.11074918566775244	0.013029315960912053	0.05211726384364821
B7PS00	0.0705596107055961	0.031630170316301706	0.0705596107055961	0.058394160583941604	0.0340632603406326	0.0705596107055961	0.043795620437956206	0.029197080291970802	0.06326034063260341	0.07542579075425791	0.019464720194647202	0.0170316301703163	0.0340632603406326	0.024330900243309004	0.06569343065693431	0.0851581508515815	0.06326034063260341	0.09245742092457421	0.029197080291970802	0.021897810218978103
P25516	0.08641975308641975	0.007856341189674524	0.06397306397306397	0.06172839506172839	0.025813692480359147	0.08754208754208755	0.020202020202020204	0.04826038159371493	0.04826038159371493	0.09427609427609428	0.028058361391694726	0.037037037037037035	0.05611672278338945	0.030303030303030304	0.05723905723905724	0.05723905723905724	0.06060606060606061	0.0819304152637486	0.014590347923681257	0.03254769921436588
M1C5M7	0.08085106382978724	0.01276595744680851	0.029787234042553193	0.07234042553191489	0.059574468085106386	0.04680851063829787	0	0.04680851063829787	0.07659574468085106	0.10212765957446808	0.029787234042553193	0.05106382978723404	0.05531914893617021	0.02553191489361702	0.03404255319148936	0.09787234042553192	0.06808510638297872	0.06382978723404255	0.02553191489361702	0.02127659574468085
P45425	0.16838487972508592	0.020618556701030927	0.054982817869415807	0.037800687285223365	0.01718213058419244	0.12371134020618557	0.03436426116838488	0.061855670103092786	0.020618556701030927	0.13058419243986255	0.006872852233676976	0.013745704467353952	0.037800687285223365	0.05154639175257732	0.044673539518900345	0.03436426116838488	0.07216494845360824	0.054982817869415807	0.003436426116838488	0.010309278350515464
Q4WPF8	0.1284153005464481	0.00546448087431694	0.08196721311475409	0.040983606557377046	0.06284153005464481	0.08469945355191257	0.01639344262295082	0.030054644808743168	0.05737704918032787	0.07103825136612021	0.01366120218579235	0.02459016393442623	0.05191256830601093	0.02459016393442623	0.07377049180327869	0.07377049180327869	0.05737704918032787	0.04371584699453552	0.02185792349726776	0.03551912568306011
Q9SK87	0.06994818652849741	0.031088082901554404	0.054404145077720206	0.08031088082901554	0.04404145077720207	0.08549222797927461	0.02072538860103627	0.08549222797927461	0.06994818652849741	0.09326424870466321	0.015544041450777202	0.02072538860103627	0.04404145077720207	0.012953367875647668	0.046632124352331605	0.06217616580310881	0.05181347150259067	0.08031088082901554	0.010362694300518135	0.02072538860103627
P17343	0.08823529411764706	0.041176470588235294	0.07941176470588235	0.03529411764705882	0.041176470588235294	0.07647058823529412	0.023529411764705882	0.052941176470588235	0.029411764705882353	0.07647058823529412	0.029411764705882353	0.041176470588235294	0.020588235294117647	0.03529411764705882	0.06470588235294118	0.10294117647058823	0.06764705882352941	0.05	0.023529411764705882	0.020588235294117647
Q97D83	0.12154696132596685	0.03867403314917127	0.06077348066298342	0.1270718232044199	0.03867403314917127	0.09392265193370165	0.027624309392265192	0.027624309392265192	0.11049723756906077	0.06077348066298342	0.027624309392265192	0.022099447513812154	0.016574585635359115	0.011049723756906077	0.04419889502762431	0.011049723756906077	0.03867403314917127	0.07734806629834254	0.0055248618784530384	0.03867403314917127
Q00441	0.08415841584158416	0.0049504950495049506	0.08415841584158416	0.07673267326732673	0.04207920792079208	0.06930693069306931	0.019801980198019802	0.04207920792079208	0.022277227722772276	0.1188118811881188	0.012376237623762377	0.01485148514851485	0.06435643564356436	0.024752475247524754	0.09158415841584158	0.04950495049504951	0.054455445544554455	0.0891089108910891	0.009900990099009901	0.024752475247524754
P00905	0.12429378531073447	0.009416195856873822	0.04331450094161959	0.05084745762711865	0.026365348399246705	0.08662900188323917	0.03954802259887006	0.04896421845574388	0.030131826741996232	0.12617702448210924	0.02448210922787194	0.04519774011299435	0.054613935969868174	0.05084745762711865	0.047080979284369114	0.04896421845574388	0.05273069679849341	0.064030131826742	0.003766478342749529	0.022598870056497175
Q6AYM9	0.09375	0.017361111111111112	0.024305555555555556	0.020833333333333332	0.08680555555555555	0.052083333333333336	0.04861111111111111	0.027777777777777776	0.03819444444444445	0.14583333333333334	0.027777777777777776	0.04513888888888889	0.027777777777777776	0.03819444444444445	0.034722222222222224	0.0625	0.0625	0.06944444444444445	0.04861111111111111	0.027777777777777776
P15202	0.06796116504854369	0.009708737864077669	0.06019417475728155	0.04466019417475728	0.05825242718446602	0.06601941747572816	0.03300970873786408	0.05242718446601942	0.05242718446601942	0.05242718446601942	0.015533980582524271	0.07184466019417475	0.06407766990291262	0.06407766990291262	0.05048543689320388	0.05631067961165048	0.05825242718446602	0.062135922330097085	0.015533980582524271	0.04466019417475728
H8F0D7	0.13486005089058525	0.010178117048346057	0.05343511450381679	0.04834605597964377	0.035623409669211195	0.07124681933842239	0.02544529262086514	0.04834605597964377	0.027989821882951654	0.08142493638676845	0.04580152671755725	0.022900763358778626	0.05597964376590331	0.027989821882951654	0.08142493638676845	0.05597964376590331	0.06361323155216285	0.07124681933842239	0.010178117048346057	0.027989821882951654
Q8EIV5	0.11201079622132254	0.002699055330634278	0.06747638326585695	0.05128205128205128	0.03913630229419703	0.09176788124156546	0.018893387314439947	0.037786774628879895	0.06882591093117409	0.08771929824561403	0.0310391363022942	0.048582995951417005	0.05263157894736842	0.0310391363022942	0.04183535762483131	0.05668016194331984	0.04993252361673414	0.05668016194331984	0.032388663967611336	0.021592442645074223
O06581	0.102880658436214	0.012345679012345678	0.06378600823045268	0.051440329218107	0.04938271604938271	0.06995884773662552	0.026748971193415638	0.037037037037037035	0.018518518518518517	0.09670781893004116	0.018518518518518517	0.02263374485596708	0.04526748971193416	0.043209876543209874	0.09876543209876543	0.06790123456790123	0.05761316872427984	0.08024691358024691	0.006172839506172839	0.030864197530864196
Q2G157	0.08558558558558559	0.013513513513513514	0.07657657657657657	0.07207207207207207	0.02702702702702703	0.05855855855855856	0.02702702702702703	0.08558558558558559	0.05405405405405406	0.08558558558558559	0.03153153153153153	0.02252252252252252	0.036036036036036036	0.04504504504504504	0.036036036036036036	0.04954954954954955	0.06756756756756757	0.09009009009009009	0	0.036036036036036036
P16444	0.08029197080291971	0.019464720194647202	0.06326034063260341	0.04866180048661801	0.031630170316301706	0.0705596107055961	0.029197080291970802	0.029197080291970802	0.024330900243309004	0.12408759124087591	0.021897810218978103	0.043795620437956206	0.043795620437956206	0.038929440389294405	0.06569343065693431	0.07785888077858881	0.051094890510948905	0.0851581508515815	0.024330900243309004	0.0267639902676399
Q9L9E7	0.09285714285714286	0.02142857142857143	0.06428571428571428	0.07857142857142857	0.04523809523809524	0.09285714285714286	0.0380952380952381	0.05476190476190476	0.016666666666666666	0.09761904761904762	0.009523809523809525	0.023809523809523808	0.05	0.023809523809523808	0.06904761904761905	0.04285714285714286	0.04285714285714286	0.10238095238095238	0.009523809523809525	0.023809523809523808
Q70G58	0.1087378640776699	0.017475728155339806	0.05242718446601942	0.07961165048543689	0.03495145631067961	0.07766990291262135	0.02912621359223301	0.04466019417475728	0.05436893203883495	0.06990291262135923	0.019417475728155338	0.027184466019417475	0.05436893203883495	0.03300970873786408	0.062135922330097085	0.06019417475728155	0.04854368932038835	0.09514563106796116	0.005825242718446602	0.02524271844660194
P45377	0.06645569620253164	0.0189873417721519	0.04746835443037975	0.09177215189873418	0.0379746835443038	0.04113924050632911	0.02531645569620253	0.060126582278481014	0.09177215189873418	0.10126582278481013	0.015822784810126583	0.0379746835443038	0.06329113924050633	0.05379746835443038	0.03164556962025317	0.05063291139240506	0.05063291139240506	0.06329113924050633	0.015822784810126583	0.03481012658227848
Q3KR99	0.06030150753768844	0.01675041876046901	0.035175879396984924	0.1423785594639866	0.011725293132328308	0.021775544388609715	0.021775544388609715	0.01507537688442211	0.09715242881072027	0.1490787269681742	0.02512562814070352	0.048576214405360134	0.02680067001675042	0.07872696817420435	0.06365159128978225	0.08375209380234507	0.04522613065326633	0.03685092127303183	0.0016750418760469012	0.018425460636515914
P17302	0.06806282722513089	0.02356020942408377	0.04712041884816754	0.04712041884816754	0.0549738219895288	0.060209424083769635	0.020942408376963352	0.05759162303664921	0.07329842931937172	0.08900523560209424	0.01832460732984293	0.041884816753926704	0.049738219895287955	0.04712041884816754	0.04450261780104712	0.0968586387434555	0.034031413612565446	0.06806282722513089	0.015706806282722512	0.041884816753926704
Q59971	0.12322274881516587	0.009478672985781991	0.08056872037914692	0.061611374407582936	0.037914691943127965	0.08293838862559241	0.030805687203791468	0.035545023696682464	0.011848341232227487	0.10426540284360189	0.018957345971563982	0.0071090047393364926	0.08056872037914692	0.018957345971563982	0.1018957345971564	0.035545023696682464	0.054502369668246446	0.07819905213270142	0.011848341232227487	0.014218009478672985
P77243	0.11387163561076605	0.014492753623188406	0.062111801242236024	0.062111801242236024	0.039337474120082816	0.057971014492753624	0.020703933747412008	0.062111801242236024	0.043478260869565216	0.08695652173913043	0.026915113871635612	0.041407867494824016	0.047619047619047616	0.039337474120082816	0.062111801242236024	0.039337474120082816	0.055900621118012424	0.07453416149068323	0.014492753623188406	0.035196687370600416
Q80Y17	0.09555984555984556	0.021235521235521235	0.052123552123552123	0.05501930501930502	0.041505791505791506	0.07142857142857142	0.032818532818532815	0.033783783783783786	0.033783783783783786	0.10424710424710425	0.01447876447876448	0.01833976833976834	0.07046332046332046	0.045366795366795366	0.055984555984555984	0.08976833976833977	0.059845559845559844	0.07239382239382239	0.01447876447876448	0.017374517374517374
P28271	0.07761529808773904	0.012373453318335208	0.05399325084364454	0.052868391451068614	0.047244094488188976	0.0798650168728909	0.01799775028121485	0.05511811023622047	0.0562429696287964	0.08998875140607424	0.023622047244094488	0.049493813273340834	0.06186726659167604	0.04049493813273341	0.05061867266591676	0.05511811023622047	0.049493813273340834	0.08548931383577053	0.007874015748031496	0.03262092238470191
F1RAX4	0.07313432835820896	0.023880597014925373	0.03283582089552239	0.03283582089552239	0.050746268656716415	0.05373134328358209	0.025373134328358207	0.06417910447761194	0.05223880597014925	0.14477611940298507	0.019402985074626865	0.04626865671641791	0.04029850746268657	0.03582089552238806	0.04626865671641791	0.0791044776119403	0.03582089552238806	0.08358208955223881	0.016417910447761194	0.04328358208955224
Q3ZC42	0.09893048128342247	0.0374331550802139	0.040106951871657755	0.06417112299465241	0.034759358288770054	0.10695187165775401	0.01871657754010695	0.07219251336898395	0.08288770053475936	0.06149732620320856	0.02406417112299465	0.02406417112299465	0.045454545454545456	0.0213903743315508	0.02406417112299465	0.053475935828877004	0.058823529411764705	0.09893048128342247	0.0106951871657754	0.0213903743315508
E9R876	0.12361623616236163	0.007380073800738007	0.025830258302583026	0.03505535055350553	0.06273062730627306	0.1014760147601476	0.01107011070110701	0.07564575645756458	0.033210332103321034	0.12361623616236163	0.02214022140221402	0.014760147601476014	0.042435424354243544	0.03690036900369004	0.027675276752767528	0.08487084870848709	0.05350553505535055	0.07195571955719557	0.01845018450184502	0.027675276752767528
Q8X693	0.10973084886128365	0.014492753623188406	0.062111801242236024	0.062111801242236024	0.039337474120082816	0.060041407867494824	0.020703933747412008	0.062111801242236024	0.043478260869565216	0.08695652173913043	0.026915113871635612	0.041407867494824016	0.047619047619047616	0.039337474120082816	0.062111801242236024	0.041407867494824016	0.053830227743271224	0.07660455486542443	0.014492753623188406	0.035196687370600416
O64036	0.030805687203791468	0.014218009478672985	0.07819905213270142	0.08293838862559241	0.04028436018957346	0.026066350710900472	0.023696682464454975	0.09004739336492891	0.0924170616113744	0.10900473933649289	0.02132701421800948	0.08056872037914692	0.02132701421800948	0.014218009478672985	0.04028436018957346	0.06635071090047394	0.04028436018957346	0.05687203791469194	0.009478672985781991	0.061611374407582936
P00352	0.07584830339321358	0.021956087824351298	0.05189620758483034	0.06387225548902195	0.043912175648702596	0.09580838323353294	0.015968063872255488	0.06986027944111776	0.07584830339321358	0.07385229540918163	0.017964071856287425	0.03992015968063872	0.04790419161676647	0.03592814371257485	0.033932135728542916	0.05788423153692615	0.05588822355289421	0.07584830339321358	0.013972055888223553	0.031936127744510975
Q4WLM7	0.09421841541755889	0.021413276231263382	0.06852248394004283	0.04068522483940043	0.021413276231263382	0.06852248394004283	0.034261241970021415	0.05139186295503212	0.055674518201284794	0.10278372591006424	0.006423982869379015	0.02569593147751606	0.05139186295503212	0.014989293361884369	0.059957173447537475	0.1006423982869379	0.07494646680942184	0.06852248394004283	0.02569593147751606	0.01284796573875803
Q9N425	0.06986027944111776	0.015968063872255488	0.05389221556886228	0.08183632734530938	0.05189620758483034	0.05788423153692615	0.027944111776447105	0.05588822355289421	0.07984031936127745	0.09381237524950099	0.033932135728542916	0.05588822355289421	0.033932135728542916	0.01996007984031936	0.043912175648702596	0.08782435129740519	0.043912175648702596	0.06986027944111776	0.001996007984031936	0.01996007984031936
Q84CG1	0.11825192802056556	0.012853470437017995	0.06426735218508997	0.05398457583547558	0.030848329048843187	0.08740359897172237	0.030848329048843187	0.015424164524421594	0.005141388174807198	0.13110539845758354	0.010282776349614395	0.015424164524421594	0.07712082262210797	0.017994858611825194	0.10282776349614396	0.05398457583547558	0.05398457583547558	0.08997429305912596	0.012853470437017995	0.015424164524421594
Q55217	0.13758389261744966	0.006711409395973154	0.0738255033557047	0.06711409395973154	0.030201342281879196	0.0738255033557047	0.040268456375838924	0.040268456375838924	0.010067114093959731	0.12416107382550336	0.03355704697986577	0.013422818791946308	0.07718120805369127	0.020134228187919462	0.07718120805369127	0.03691275167785235	0.04697986577181208	0.06711409395973154	0.013422818791946308	0.010067114093959731
Q8ZQX7	0.08646616541353383	0.011278195488721804	0.045112781954887216	0.07142857142857142	0.045112781954887216	0.06766917293233082	0.04887218045112782	0.04887218045112782	0.06015037593984962	0.09022556390977443	0.03007518796992481	0.06015037593984962	0.04887218045112782	0.02631578947368421	0.041353383458646614	0.041353383458646614	0.05639097744360902	0.08646616541353383	0.007518796992481203	0.02631578947368421
