Q9SBJ6	0.08121827411167512	0.02030456852791878	0.05583756345177665	0.03553299492385787	0.04568527918781726	0.06598984771573604	0.01015228426395939	0.06091370558375635	0.09644670050761421	0.08121827411167512	0.005076142131979695	0.04568527918781726	0.05583756345177665	0.03553299492385787	0.030456852791878174	0.07106598984771574	0.05583756345177665	0.10152284263959391	0.01015228426395939	0.03553299492385787
P78385	0.07910750507099391	0.06288032454361055	0.034482758620689655	0.10344827586206896	0.02636916835699797	0.08113590263691683	0.010141987829614604	0.04462474645030426	0.0486815415821501	0.08924949290060852	0.012170385395537525	0.04665314401622718	0.02636916835699797	0.04665314401622718	0.07302231237322515	0.07910750507099391	0.04056795131845842	0.06693711967545639	0.002028397565922921	0.02636916835699797
Q9TZP5	0.03802281368821293	0.034220532319391636	0.08365019011406843	0.049429657794676805	0.06844106463878327	0.049429657794676805	0.015209125475285171	0.06463878326996197	0.08745247148288973	0.07604562737642585	0.034220532319391636	0.034220532319391636	0.022813688212927757	0.04182509505703422	0.06463878326996197	0.08745247148288973	0.049429657794676805	0.060836501901140684	0.011406844106463879	0.026615969581749048
Q8VZB2	0.06787330316742081	0	0.00904977375565611	0.04524886877828054	0.06334841628959276	0.058823529411764705	0.02262443438914027	0.07239819004524888	0.03167420814479638	0.14479638009049775	0.02262443438914027	0.01809954751131222	0.04524886877828054	0.02262443438914027	0.05429864253393665	0.09049773755656108	0.058823529411764705	0.07692307692307693	0.027149321266968326	0.06787330316742081
Q9UGP4	0.06360946745562131	0.04437869822485207	0.05325443786982249	0.05325443786982249	0.028106508875739646	0.10798816568047337	0.03254437869822485	0.014792899408284023	0.04437869822485207	0.09763313609467456	0.016272189349112426	0.023668639053254437	0.09763313609467456	0.04437869822485207	0.04881656804733728	0.10946745562130178	0.034023668639053255	0.051775147928994084	0.008875739644970414	0.02514792899408284
P10718	0.10457516339869281	0.0032679738562091504	0.013071895424836602	0.042483660130718956	0.09477124183006536	0.1111111111111111	0.02287581699346405	0.06535947712418301	0.016339869281045753	0.1111111111111111	0.029411764705882353	0.032679738562091505	0.049019607843137254	0.0196078431372549	0.0457516339869281	0.058823529411764705	0.058823529411764705	0.042483660130718956	0.05228758169934641	0.026143790849673203
P0AFW4	0.10294117647058823	0.007352941176470588	0.07352941176470588	0.08088235294117647	0.007352941176470588	0.058823529411764705	0.022058823529411766	0.051470588235294115	0.014705882352941176	0.1323529411764706	0.04411764705882353	0.03676470588235294	0.0661764705882353	0.029411764705882353	0.058823529411764705	0.051470588235294115	0.04411764705882353	0.08088235294117647	0.007352941176470588	0.029411764705882353
Q9JXL8	0.07738095238095238	0.017857142857142856	0.05952380952380952	0.05952380952380952	0.03571428571428571	0.06547619047619048	0.03571428571428571	0.05357142857142857	0.05357142857142857	0.10119047619047619	0.047619047619047616	0.05357142857142857	0.047619047619047616	0.05357142857142857	0.03571428571428571	0.041666666666666664	0.06547619047619048	0.07142857142857142	0.005952380952380952	0.017857142857142856
Q9G6J1	0.06698564593301436	0	0.03349282296650718	0.019138755980861243	0.06220095693779904	0.09569377990430622	0.014354066985645933	0.07655502392344497	0	0.1722488038277512	0.06220095693779904	0.04784688995215311	0.06698564593301436	0.009569377990430622	0.023923444976076555	0.0861244019138756	0.06220095693779904	0.05741626794258373	0.028708133971291867	0.014354066985645933
F7BWT7	0.05102040816326531	0.047619047619047616	0.061224489795918366	0.034013605442176874	0.047619047619047616	0.08163265306122448	0.01020408163265306	0.09523809523809523	0.03741496598639456	0.1326530612244898	0.027210884353741496	0.04421768707482993	0.027210884353741496	0.027210884353741496	0.047619047619047616	0.04421768707482993	0.05442176870748299	0.06462585034013606	0.013605442176870748	0.05102040816326531
Q9SVL0	0.05220883534136546	0.0321285140562249	0.03614457831325301	0.08835341365461848	0.028112449799196786	0.060240963855421686	0.040160642570281124	0.03614457831325301	0.11646586345381527	0.03614457831325301	0.06827309236947791	0.060240963855421686	0.040160642570281124	0.040160642570281124	0.07228915662650602	0.07228915662650602	0.05220883534136546	0.04417670682730924	0.008032128514056224	0.01606425702811245
Q8WWZ4	0.049902786779001944	0.020090732339598186	0.04212572909915749	0.06934543097861309	0.06480881399870382	0.05573558003888529	0.02138690861957226	0.08036292935839275	0.06480881399870382	0.12119248217757615	0.031108230719377836	0.03823720025923526	0.03694102397926118	0.03499675955930007	0.037589112119248216	0.07517822423849643	0.053143227478937134	0.05832793259883344	0.014906027219701879	0.029812054439403757
Q06AT9	0.12813370473537605	0.016713091922005572	0.04735376044568245	0.07799442896935933	0.022284122562674095	0.06685236768802229	0.03064066852367688	0.03064066852367688	0.04178272980501393	0.055710306406685235	0.025069637883008356	0.04178272980501393	0.036211699164345405	0.036211699164345405	0.07242339832869081	0.07520891364902507	0.052924791086350974	0.06128133704735376	0.002785515320334262	0.07799442896935933
Q8TQQ1	0.07291666666666667	0.0234375	0.041666666666666664	0.08854166666666667	0.026041666666666668	0.08854166666666667	0.015625	0.08072916666666667	0.0625	0.08854166666666667	0.03125	0.03125	0.041666666666666664	0.033854166666666664	0.041666666666666664	0.059895833333333336	0.06510416666666667	0.0625	0.0078125	0.036458333333333336
O42839	0.03894297635605007	0.02364394993045897	0.05285118219749652	0.06954102920723226	0.06397774687065369	0.04033379694019471	0.022253129346314324	0.06954102920723226	0.06397774687065369	0.12934631432545202	0.025034770514603615	0.05702364394993046	0.03337969401947149	0.02642559109874826	0.03894297635605007	0.10013908205841446	0.0458970792767733	0.05006954102920723	0.015299026425591099	0.03337969401947149
A1KJ57	0.11689419795221843	0.010238907849829351	0.05204778156996587	0.05460750853242321	0.03754266211604096	0.08873720136518772	0.023890784982935155	0.040955631399317405	0.017918088737201365	0.11262798634812286	0.017918088737201365	0.023890784982935155	0.04948805460750853	0.02901023890784983	0.08959044368600683	0.05887372013651877	0.05460750853242321	0.07935153583617748	0.021331058020477817	0.020477815699658702
Q6G5P7	0.08932461873638345	0.015250544662309368	0.06753812636165578	0.054466230936819175	0.030501089324618737	0.08714596949891068	0.0196078431372549	0.06535947712418301	0.06535947712418301	0.0915032679738562	0.034858387799564274	0.04139433551198257	0.034858387799564274	0.032679738562091505	0.06100217864923747	0.05010893246187364	0.04793028322440087	0.08496732026143791	0.004357298474945534	0.02178649237472767
P20963	0.08536585365853659	0.006097560975609756	0.06097560975609756	0.06097560975609756	0.03048780487804878	0.09146341463414634	0.012195121951219513	0.036585365853658534	0.07317073170731707	0.13414634146341464	0.03048780487804878	0.03048780487804878	0.04878048780487805	0.07317073170731707	0.07926829268292683	0.03048780487804878	0.036585365853658534	0.018292682926829267	0.006097560975609756	0.054878048780487805
P50991	0.09090909090909091	0.016697588126159554	0.0575139146567718	0.061224489795918366	0.012987012987012988	0.07050092764378478	0.011131725417439703	0.08719851576994433	0.07235621521335807	0.10575139146567718	0.027829313543599257	0.03710575139146568	0.029684601113172542	0.03339517625231911	0.05009276437847866	0.07606679035250463	0.06679035250463822	0.08163265306122448	0	0.011131725417439703
P34165	0.1388888888888889	0.027777777777777776	0.05555555555555555	0.05555555555555555	0.027777777777777776	0.027777777777777776	0	0.08333333333333333	0.1388888888888889	0	0.027777777777777776	0.027777777777777776	0.08333333333333333	0.027777777777777776	0	0.08333333333333333	0.08333333333333333	0.05555555555555555	0.027777777777777776	0.027777777777777776
Q9NQ25	0.03880597014925373	0.026865671641791045	0.03880597014925373	0.06865671641791045	0.026865671641791045	0.0626865671641791	0.020895522388059702	0.05970149253731343	0.056716417910447764	0.10746268656716418	0.020895522388059702	0.050746268656716415	0.0626865671641791	0.029850746268656716	0.03880597014925373	0.08358208955223881	0.07761194029850746	0.07462686567164178	0.01791044776119403	0.03582089552238806
Q14623	0.10948905109489052	0.014598540145985401	0.043795620437956206	0.05596107055961071	0.038929440389294405	0.0827250608272506	0.043795620437956206	0.0170316301703163	0.031630170316301706	0.11435523114355231	0.012165450121654502	0.019464720194647202	0.0681265206812652	0.0267639902676399	0.0827250608272506	0.06569343065693431	0.043795620437956206	0.0827250608272506	0.019464720194647202	0.0267639902676399
Q636Q4	0.04911591355599214	0.0137524557956778	0.05304518664047151	0.10412573673870335	0.03929273084479371	0.06483300589390963	0.021611001964636542	0.060903732809430254	0.08447937131630648	0.07858546168958742	0.0275049115913556	0.0550098231827112	0.03732809430255403	0.03143418467583497	0.05893909626719057	0.0412573673870334	0.05304518664047151	0.0825147347740668	0.005893909626719057	0.03732809430255403
P19238	0.05454545454545454	0.044444444444444446	0.026262626262626262	0.06060606060606061	0.026262626262626262	0.09090909090909091	0.020202020202020204	0.03232323232323232	0.048484848484848485	0.11515151515151516	0.010101010101010102	0.028282828282828285	0.06464646464646465	0.07878787878787878	0.05858585858585859	0.08888888888888889	0.048484848484848485	0.06464646464646465	0.01616161616161616	0.022222222222222223
Q16518	0.0525328330206379	0.024390243902439025	0.0450281425891182	0.07129455909943715	0.06566604127579738	0.05628517823639775	0.028142589118198873	0.054409005628517824	0.06566604127579738	0.08442776735459662	0.0075046904315197	0.06191369606003752	0.06378986866791744	0.020637898686679174	0.03564727954971857	0.0525328330206379	0.0600375234521576	0.08067542213883677	0.016885553470919325	0.0525328330206379
P50404	0.08823529411764706	0.016042780748663103	0.03208556149732621	0.06684491978609626	0.02406417112299465	0.19786096256684493	0.0053475935828877	0.0213903743315508	0.058823529411764705	0.07219251336898395	0.02406417112299465	0.040106951871657755	0.11497326203208556	0.05080213903743316	0.0427807486631016	0.05614973262032086	0.0374331550802139	0.0374331550802139	0.0053475935828877	0.008021390374331552
B3QY38	0.078125	0	0.029296875	0.0390625	0.07421875	0.087890625	0.0078125	0.091796875	0.03125	0.134765625	0.037109375	0.025390625	0.037109375	0.01171875	0.015625	0.091796875	0.044921875	0.107421875	0.0078125	0.046875
Q31VS0	0.09409190371991247	0.015317286652078774	0.061269146608315096	0.05689277899343545	0.03282275711159737	0.087527352297593	0.0175054704595186	0.05689277899343545	0.0350109409190372	0.12035010940919037	0.02188183807439825	0.0350109409190372	0.03938730853391685	0.05689277899343545	0.0700218818380744	0.0437636761487965	0.0525164113785558	0.0787746170678337	0.010940919037199124	0.01312910284463895
A6H8Y1	0.04763719512195122	0.011051829268292682	0.052591463414634144	0.13605182926829268	0.018673780487804877	0.04496951219512195	0.013338414634146341	0.04573170731707317	0.08460365853658537	0.06707317073170732	0.019817073170731708	0.04954268292682927	0.0625	0.04649390243902439	0.06059451219512195	0.09527439024390244	0.06974085365853659	0.06478658536585366	0.0011432926829268292	0.008384146341463415
Q8N628	0.06875	0.034375	0.015625	0.034375	0.05625	0.059375	0.034375	0.065625	0.021875	0.14375	0.046875	0.034375	0.04375	0.025	0.028125	0.084375	0.065625	0.0875	0.009375	0.040625
Q9Y4R8	0.1039426523297491	0.015531660692951015	0.04420549581839905	0.07765830346475508	0.03225806451612903	0.06093189964157706	0.017921146953405017	0.016726403823178016	0.026284348864994027	0.16487455197132617	0.021505376344086023	0.011947431302270013	0.06690561529271206	0.04898446833930705	0.07526881720430108	0.07407407407407407	0.037037037037037035	0.08124253285543608	0.009557945041816009	0.013142174432497013
Q0SYH7	0.12087912087912088	0	0.054945054945054944	0.13186813186813187	0.01098901098901099	0.054945054945054944	0	0.06593406593406594	0.03296703296703297	0.07692307692307693	0.02197802197802198	0.04395604395604396	0.02197802197802198	0.0989010989010989	0.10989010989010989	0	0.04395604395604396	0.10989010989010989	0	0
Q9NRX2	0.07428571428571429	0.005714285714285714	0.05142857142857143	0.05142857142857143	0.017142857142857144	0.06857142857142857	0.03428571428571429	0.045714285714285714	0.04	0.14285714285714285	0.04	0.03428571428571429	0.05714285714285714	0.05142857142857143	0.11428571428571428	0.05142857142857143	0.045714285714285714	0.03428571428571429	0.011428571428571429	0.02857142857142857
Q338B0	0.061452513966480445	0.002793296089385475	0.07262569832402235	0.10335195530726257	0.05027932960893855	0.0670391061452514	0.013966480446927373	0.030726256983240222	0.06424581005586592	0.09776536312849161	0.019553072625698324	0.03910614525139665	0.061452513966480445	0.08100558659217877	0.06424581005586592	0.05307262569832402	0.036312849162011177	0.055865921787709494	0.0111731843575419	0.013966480446927373
P16288	0.03816793893129771	0.03244274809160305	0.04770992366412214	0.05916030534351145	0.04007633587786259	0.07442748091603053	0.03435114503816794	0.04198473282442748	0.05534351145038168	0.1049618320610687	0.02480916030534351	0.04007633587786259	0.061068702290076333	0.015267175572519083	0.05343511450381679	0.08206106870229007	0.0648854961832061	0.08206106870229007	0.01717557251908397	0.030534351145038167
Q54SD5	0.07511737089201878	0.014084507042253521	0.028169014084507043	0.051643192488262914	0.0892018779342723	0.06103286384976526	0.009389671361502348	0.07981220657276995	0.06572769953051644	0.107981220657277	0.03755868544600939	0.051643192488262914	0.018779342723004695	0.009389671361502348	0.023474178403755867	0.056338028169014086	0.051643192488262914	0.07511737089201878	0.014084507042253521	0.07981220657276995
O94688	0.051470588235294115	0	0.10294117647058823	0.19852941176470587	0.051470588235294115	0.051470588235294115	0.014705882352941176	0.04411764705882353	0.022058823529411766	0.08088235294117647	0.051470588235294115	0.04411764705882353	0.029411764705882353	0.058823529411764705	0.03676470588235294	0.0661764705882353	0.04411764705882353	0.022058823529411766	0.007352941176470588	0.022058823529411766
A8HMZ4	0.08717948717948718	0.023076923076923078	0.06666666666666667	0.05897435897435897	0.02564102564102564	0.05128205128205128	0.02564102564102564	0.038461538461538464	0.041025641025641026	0.14871794871794872	0.02564102564102564	0.06153846153846154	0.03333333333333333	0.03076923076923077	0.07692307692307693	0.06923076923076923	0.041025641025641026	0.06923076923076923	0.007692307692307693	0.017948717948717947
Q9NR46	0.11392405063291139	0.010126582278481013	0.05063291139240506	0.08860759493670886	0.0379746835443038	0.043037974683544304	0.015189873417721518	0.02531645569620253	0.06329113924050633	0.1189873417721519	0.015189873417721518	0.027848101265822784	0.05569620253164557	0.0379746835443038	0.060759493670886074	0.06582278481012659	0.07848101265822785	0.053164556962025315	0.010126582278481013	0.027848101265822784
G5ECT0	0.05304518664047151	0.009823182711198428	0.03536345776031434	0.09233791748526522	0.0412573673870334	0.03536345776031434	0.03732809430255403	0.068762278978389	0.0412573673870334	0.11984282907662082	0.0275049115913556	0.04518664047151277	0.0412573673870334	0.0137524557956778	0.05893909626719057	0.07269155206286837	0.07072691552062868	0.08644400785854617	0.015717092337917484	0.03339882121807466
P9WP49	0.13445378151260504	0.01680672268907563	0.05042016806722689	0.07563025210084033	0.01680672268907563	0.06722689075630252	0.04201680672268908	0.03361344537815126	0.05042016806722689	0.10084033613445378	0.05042016806722689	0.03361344537815126	0.03361344537815126	0.025210084033613446	0.058823529411764705	0.06722689075630252	0.058823529411764705	0.07563025210084033	0	0.008403361344537815
Q06406	0.046511627906976744	0	0.03488372093023256	0.06976744186046512	0.046511627906976744	0.08139534883720931	0.011627906976744186	0.05813953488372093	0.06976744186046512	0.10465116279069768	0.03488372093023256	0.08139534883720931	0	0.023255813953488372	0.023255813953488372	0.13953488372093023	0.06976744186046512	0.06976744186046512	0	0.03488372093023256
O95817	0.10260869565217391	0.0052173913043478265	0.03826086956521739	0.07304347826086957	0.01217391304347826	0.06260869565217392	0.03304347826086956	0.029565217391304348	0.04869565217391304	0.04173913043478261	0.017391304347826087	0.022608695652173914	0.15304347826086956	0.07130434782608695	0.05391304347826087	0.09565217391304348	0.04869565217391304	0.06608695652173913	0.006956521739130435	0.017391304347826087
P41180	0.06771799628942486	0.032467532467532464	0.03710575139146568	0.06957328385899815	0.07050092764378478	0.06029684601113173	0.02040816326530612	0.07142857142857142	0.04359925788497217	0.09090909090909091	0.008348794063079777	0.04359925788497217	0.045454545454545456	0.04452690166975881	0.04359925788497217	0.09276437847866419	0.055658627087198514	0.059369202226345084	0.016697588126159554	0.025974025974025976
Q949N0	0.04553734061930783	0.01092896174863388	0.08561020036429873	0.08925318761384335	0.052823315118397086	0.06739526411657559	0.02185792349726776	0.04007285974499089	0.06557377049180328	0.07650273224043716	0.025500910746812388	0.051001821493624776	0.04007285974499089	0.03825136612021858	0.03460837887067395	0.09107468123861566	0.04918032786885246	0.058287795992714025	0.014571948998178506	0.04189435336976321
Q04571	0.12962962962962962	0.07407407407407407	0.046296296296296294	0.009259259259259259	0.027777777777777776	0.08333333333333333	0	0.07407407407407407	0.027777777777777776	0.06481481481481481	0.027777777777777776	0.05555555555555555	0.06481481481481481	0.027777777777777776	0.009259259259259259	0.09259259259259259	0.07407407407407407	0.09259259259259259	0	0.018518518518518517
P0C5T4	0.030927835051546393	0.030927835051546393	0.05154639175257732	0.10309278350515463	0.030927835051546393	0.061855670103092786	0.020618556701030927	0.07216494845360824	0.041237113402061855	0.1134020618556701	0.020618556701030927	0.030927835051546393	0.041237113402061855	0.030927835051546393	0.08247422680412371	0.07216494845360824	0.041237113402061855	0.07216494845360824	0.020618556701030927	0.030927835051546393
Q8N2N9	0.06356245380635625	0.019955654101995565	0.06060606060606061	0.09238728750923873	0.013303769401330377	0.037694013303769404	0.020694752402069475	0.0524759793052476	0.11899482631189948	0.09608277900960828	0.016260162601626018	0.0450849963045085	0.022172949002217297	0.07021433850702144	0.057649667405764965	0.0827790096082779	0.058388765705838876	0.050997782705099776	0.0014781966001478197	0.019216555801921657
Q19555	0.072992700729927	0.011861313868613138	0.06569343065693431	0.07208029197080291	0.04744525547445255	0.048357664233576646	0.02281021897810219	0.06113138686131387	0.06478102189781022	0.09762773722627738	0.037408759124087594	0.03832116788321168	0.03102189781021898	0.037408759124087594	0.06569343065693431	0.06478102189781022	0.05930656934306569	0.0666058394160584	0.0072992700729927005	0.02737226277372263
Q9V176	0.047285464098073555	0.010507880910683012	0.06304728546409807	0.1085814360770578	0.05604203152364273	0.06654991243432574	0.017513134851138354	0.0893169877408056	0.09632224168126094	0.07880910683012259	0.02626970227670753	0.02626970227670753	0.043782837127845885	0.02276707530647986	0.06654991243432574	0.0297723292469352	0.040280210157618214	0.05779334500875657	0.005253940455341506	0.047285464098073555
Q6FI13	0.13076923076923078	0	0.015384615384615385	0.05384615384615385	0.007692307692307693	0.1076923076923077	0.03076923076923077	0.046153846153846156	0.1076923076923077	0.11538461538461539	0.015384615384615385	0.046153846153846156	0.038461538461538464	0.038461538461538464	0.09230769230769231	0.038461538461538464	0.03076923076923077	0.06153846153846154	0	0.023076923076923078
P14291	0.02418379685610641	0.013301088270858524	0.060459492140266025	0.094316807738815	0.04836759371221282	0.02781136638452237	0.018137847642079808	0.07496977025392987	0.1185006045949214	0.08585247883917775	0.014510278113663845	0.07496977025392987	0.036275695284159616	0.05804111245465538	0.03385731559854897	0.08585247883917775	0.056831922611850064	0.053204353083434096	0.006045949214026602	0.014510278113663845
B2TPD4	0.06323185011709602	0.01873536299765808	0.0468384074941452	0.0936768149882904	0.05620608899297424	0.09836065573770492	0.01639344262295082	0.07259953161592506	0.09836065573770492	0.08899297423887588	0.03981264637002342	0.053864168618266976	0.0351288056206089	0.01405152224824356	0.02107728337236534	0.04215456674473068	0.04449648711943794	0.06557377049180328	0.00234192037470726	0.02810304449648712
Q8N137	0.08859357696567	0.005537098560354375	0.03875968992248062	0.11627906976744186	0.015503875968992248	0.048726467331118496	0.02547065337763012	0.008859357696566999	0.03211517165005537	0.12846068660022147	0.014396456256921373	0.016611295681063124	0.08084163898117387	0.09523809523809523	0.08970099667774087	0.09191583610188261	0.04318936877076412	0.04097452934662237	0.008859357696566999	0.009966777408637873
P0C6S5	0.07142857142857142	0.023809523809523808	0.07142857142857142	0.047619047619047616	0.07142857142857142	0.047619047619047616	0.023809523809523808	0.023809523809523808	0.11904761904761904	0.09523809523809523	0.047619047619047616	0.047619047619047616	0.09523809523809523	0.023809523809523808	0.023809523809523808	0.023809523809523808	0	0	0.07142857142857142	0.07142857142857142
B8PYG1	0.042105263157894736	0.015789473684210527	0.06491228070175438	0.07543859649122807	0.031578947368421054	0.05789473684210526	0.042105263157894736	0.042105263157894736	0.06315789473684211	0.08596491228070176	0.028070175438596492	0.043859649122807015	0.054385964912280704	0.04912280701754386	0.08070175438596491	0.10350877192982456	0.0456140350877193	0.03859649122807018	0.012280701754385965	0.02280701754385965
O80915	0.12727272727272726	0.013636363636363636	0.031818181818181815	0.03636363636363636	0.07727272727272727	0.045454545454545456	0.00909090909090909	0.06363636363636363	0.022727272727272728	0.11363636363636363	0.013636363636363636	0.02727272727272727	0.07727272727272727	0.022727272727272728	0.05	0.10454545454545454	0.05454545454545454	0.08181818181818182	0.00909090909090909	0.01818181818181818
A8AXH8	0.1062992125984252	0.003937007874015748	0.07086614173228346	0.07874015748031496	0.015748031496062992	0.06692913385826772	0.015748031496062992	0.08267716535433071	0.1062992125984252	0.0984251968503937	0.031496062992125984	0.015748031496062992	0.04330708661417323	0.047244094488188976	0.03937007874015748	0.051181102362204724	0.023622047244094488	0.06299212598425197	0	0.03937007874015748
Q9LML6	0.07933194154488518	0.016701461377870562	0.060542797494780795	0.06471816283924843	0.04801670146137787	0.06889352818371608	0.022964509394572025	0.05845511482254697	0.04801670146137787	0.1022964509394572	0.020876826722338204	0.031315240083507306	0.0709812108559499	0.020876826722338204	0.054279749478079335	0.081419624217119	0.031315240083507306	0.081419624217119	0.012526096033402923	0.025052192066805846
Q9TU31	0.09915966386554621	0.025210084033613446	0.031932773109243695	0.05714285714285714	0.047058823529411764	0.06554621848739496	0.025210084033613446	0.040336134453781515	0.043697478991596636	0.10588235294117647	0.021848739495798318	0.02857142857142857	0.06386554621848739	0.023529411764705882	0.05546218487394958	0.06554621848739496	0.06218487394957983	0.07226890756302522	0.025210084033613446	0.040336134453781515
Q96SQ7	0.12149532710280374	0.021806853582554516	0.028037383177570093	0.056074766355140186	0.01557632398753894	0.06230529595015576	0.018691588785046728	0.028037383177570093	0.056074766355140186	0.08099688473520249	0.003115264797507788	0.024922118380062305	0.14641744548286603	0.03426791277258567	0.102803738317757	0.07165109034267912	0.04672897196261682	0.056074766355140186	0.003115264797507788	0.021806853582554516
Q5M848	0.09210526315789473	0.013157894736842105	0.029605263157894735	0.05263157894736842	0.03618421052631579	0.05592105263157895	0.04276315789473684	0.03618421052631579	0.02631578947368421	0.10855263157894737	0.02631578947368421	0.039473684210526314	0.09210526315789473	0.029605263157894735	0.049342105263157895	0.10526315789473684	0.05263157894736842	0.07894736842105263	0.013157894736842105	0.019736842105263157
O14770	0.07127882599580712	0.012578616352201259	0.07337526205450734	0.03563941299790356	0.025157232704402517	0.09014675052410902	0.06289308176100629	0.033542976939203356	0.03563941299790356	0.07127882599580712	0.050314465408805034	0.03773584905660377	0.10272536687631027	0.05660377358490566	0.03773584905660377	0.0880503144654088	0.03773584905660377	0.04821802935010482	0.006289308176100629	0.023060796645702306
P32590	0.07792207792207792	0.005772005772005772	0.07936507936507936	0.07936507936507936	0.04040404040404041	0.049062049062049064	0.012987012987012988	0.05916305916305916	0.09090909090909091	0.07792207792207792	0.01443001443001443	0.05339105339105339	0.044733044733044736	0.024531024531024532	0.047619047619047616	0.06204906204906205	0.06926406926406926	0.07503607503607504	0.005772005772005772	0.030303030303030304
O88188	0.06172839506172839	0.037037037037037035	0.04938271604938271	0.04938271604938271	0.030864197530864196	0.08024691358024691	0.012345679012345678	0.06172839506172839	0.037037037037037035	0.1111111111111111	0.012345679012345678	0.06790123456790123	0.04938271604938271	0.06172839506172839	0.037037037037037035	0.09876543209876543	0.037037037037037035	0.04938271604938271	0.012345679012345678	0.043209876543209874
Q86XJ1	0.06628242074927954	0.021613832853025938	0.037463976945244955	0.04755043227665706	0.021613832853025938	0.05475504322766571	0.024495677233429394	0.040345821325648415	0.10230547550432277	0.0893371757925072	0.01585014409221902	0.04178674351585014	0.0994236311239193	0.04610951008645533	0.03890489913544669	0.12680115273775217	0.04755043227665706	0.05763688760806916	0.007204610951008645	0.012968299711815562
P35219	0.041379310344827586	0.017241379310344827	0.05172413793103448	0.1103448275862069	0.04827586206896552	0.07931034482758621	0.03103448275862069	0.06551724137931035	0.03793103448275862	0.09655172413793103	0.006896551724137931	0.03793103448275862	0.06206896551724138	0.03793103448275862	0.05172413793103448	0.05517241379310345	0.04482758620689655	0.07241379310344828	0.020689655172413793	0.03103448275862069
Q9Y5R6	0.09115281501340483	0.02680965147453083	0.02680965147453083	0.05630026809651475	0.02680965147453083	0.09115281501340483	0.01876675603217158	0.01876675603217158	0.03753351206434316	0.058981233243967826	0.02680965147453083	0.04289544235924933	0.10723860589812333	0.04825737265415549	0.04825737265415549	0.1447721179624665	0.03485254691689008	0.05093833780160858	0.005361930294906166	0.03753351206434316
Q728D5	0.12527472527472527	0.01098901098901099	0.046153846153846156	0.06593406593406594	0.024175824175824177	0.11208791208791209	0.02857142857142857	0.054945054945054944	0.035164835164835165	0.09230769230769231	0.01978021978021978	0.035164835164835165	0.046153846153846156	0.015384615384615385	0.06373626373626373	0.04395604395604396	0.05934065934065934	0.09010989010989011	0.006593406593406593	0.024175824175824177
P35377	0.08446866485013624	0.03814713896457766	0.02997275204359673	0.035422343324250684	0.05722070844686648	0.05994550408719346	0.01907356948228883	0.0681198910081744	0.027247956403269755	0.1307901907356948	0.021798365122615803	0.035422343324250684	0.04632152588555858	0.02452316076294278	0.051771117166212535	0.05994550408719346	0.05449591280653951	0.11171662125340599	0.013623978201634877	0.02997275204359673
Q72YI4	0.07555555555555556	0.0044444444444444444	0.05333333333333334	0.09555555555555556	0.05333333333333334	0.08666666666666667	0.022222222222222223	0.04666666666666667	0.07333333333333333	0.10444444444444445	0.02	0.04666666666666667	0.03333333333333333	0.02666666666666667	0.03111111111111111	0.051111111111111114	0.057777777777777775	0.06222222222222222	0.006666666666666667	0.04888888888888889
Q9CC10	0.11027568922305764	0.007518796992481203	0.06015037593984962	0.07769423558897243	0.03007518796992481	0.08521303258145363	0.03007518796992481	0.05513784461152882	0.02506265664160401	0.08270676691729323	0.017543859649122806	0.03007518796992481	0.040100250626566414	0.022556390977443608	0.07268170426065163	0.05012531328320802	0.047619047619047616	0.10275689223057644	0.017543859649122806	0.03508771929824561
Q68985	0.10151515151515152	0.006060606060606061	0.04393939393939394	0.03484848484848485	0.02878787878787879	0.08181818181818182	0.015151515151515152	0.03636363636363636	0.013636363636363636	0.10151515151515152	0.012121212121212121	0.03787878787878788	0.08333333333333333	0.03787878787878788	0.07424242424242425	0.08333333333333333	0.09242424242424242	0.06818181818181818	0.010606060606060607	0.03636363636363636
P9WNB1	0.09813874788494077	0.00676818950930626	0.05583756345177665	0.05583756345177665	0.032148900169204735	0.08460236886632826	0.032148900169204735	0.05414551607445008	0.028764805414551606	0.08798646362098139	0.030456852791878174	0.02707275803722504	0.0829103214890017	0.043993231810490696	0.06937394247038917	0.050761421319796954	0.05245346869712352	0.07614213197969544	0.01353637901861252	0.01692047377326565
P03870	0.05673758865248227	0.01182033096926714	0.03309692671394799	0.061465721040189124	0.04964539007092199	0.04018912529550828	0.02127659574468085	0.0851063829787234	0.0851063829787234	0.09219858156028368	0.016548463356973995	0.05200945626477541	0.03546099290780142	0.04018912529550828	0.04728132387706856	0.09692671394799054	0.06619385342789598	0.04491725768321513	0.014184397163120567	0.04964539007092199
Q96A08	0.07874015748031496	0	0.015748031496062992	0.06299212598425197	0.023622047244094488	0.047244094488188976	0.023622047244094488	0.07086614173228346	0.15748031496062992	0.047244094488188976	0.023622047244094488	0.007874015748031496	0.023622047244094488	0.023622047244094488	0.06299212598425197	0.14173228346456693	0.07874015748031496	0.07086614173228346	0	0.03937007874015748
P42751	0.07669616519174041	0.02064896755162242	0.05604719764011799	0.061946902654867256	0.06489675516224189	0.035398230088495575	0.014749262536873156	0.0471976401179941	0.04129793510324484	0.09734513274336283	0.02654867256637168	0.029498525073746312	0.04424778761061947	0.014749262536873156	0.058997050147492625	0.1415929203539823	0.04129793510324484	0.06784660766961652	0.02064896755162242	0.038348082595870206
P0CP83	0.055865921787709494	0.0223463687150838	0.055865921787709494	0.05027932960893855	0.0782122905027933	0.11173184357541899	0.027932960893854747	0.07262569832402235	0.05027932960893855	0.0446927374301676	0.027932960893854747	0.05027932960893855	0.0670391061452514	0.03910614525139665	0.055865921787709494	0.0446927374301676	0.07262569832402235	0.061452513966480445	0	0.0111731843575419
P80433	0.043478260869565216	0.043478260869565216	0.014492753623188406	0.043478260869565216	0.014492753623188406	0.057971014492753624	0.028985507246376812	0.028985507246376812	0.043478260869565216	0.18840579710144928	0.028985507246376812	0	0.08695652173913043	0.028985507246376812	0.08695652173913043	0.10144927536231885	0.057971014492753624	0.07246376811594203	0.014492753623188406	0.014492753623188406
Q9NZI8	0.09358752166377816	0.010398613518197574	0.029462738301559793	0.0779896013864818	0.024263431542461005	0.06932409012131716	0.024263431542461005	0.07452339688041594	0.08145580589254767	0.060658578856152515	0.019064124783362217	0.043327556325823226	0.05719237435008666	0.07625649913344887	0.05025996533795494	0.06239168110918544	0.04679376083188908	0.07452339688041594	0.0034662045060658577	0.02079722703639515
B5BIN6	0.07391304347826087	0.002173913043478261	0.06304347826086956	0.08043478260869565	0.030434782608695653	0.09782608695652174	0.015217391304347827	0.058695652173913045	0.04565217391304348	0.09130434782608696	0.03260869565217391	0.02391304347826087	0.043478260869565216	0.043478260869565216	0.05434782608695652	0.05434782608695652	0.05217391304347826	0.10217391304347827	0.002173913043478261	0.03260869565217391
Q01721	0.13702623906705538	0.06705539358600583	0.06705539358600583	0.043731778425655975	0.011661807580174927	0.1282798833819242	0.02040816326530612	0.01749271137026239	0.011661807580174927	0.1282798833819242	0.014577259475218658	0.02040816326530612	0.0641399416909621	0.029154518950437316	0.08163265306122448	0.07871720116618076	0.023323615160349854	0.02040816326530612	0.011661807580174927	0.023323615160349854
Q60YU0	0.09063444108761329	0.01812688821752266	0.06646525679758308	0.0755287009063444	0.0634441087613293	0.045317220543806644	0.030211480362537766	0.04833836858006042	0.04833836858006042	0.0755287009063444	0.027190332326283987	0.03927492447129909	0.012084592145015106	0.0513595166163142	0.0634441087613293	0.09365558912386707	0.03625377643504532	0.0755287009063444	0.00906344410876133	0.030211480362537766
C3P025	0.06066176470588235	0.027573529411764705	0.05514705882352941	0.09926470588235294	0.04411764705882353	0.058823529411764705	0.03308823529411765	0.07169117647058823	0.0625	0.07720588235294118	0.003676470588235294	0.04044117647058824	0.04411764705882353	0.027573529411764705	0.05514705882352941	0.051470588235294115	0.04963235294117647	0.0625	0.02022058823529412	0.05514705882352941
B8HW52	0.11	0	0.04	0.09	0.02	0.06	0.02	0.08	0.05	0.12	0.04	0.04	0.04	0.04	0.06	0.03	0.08	0.05	0	0.03
P26308	0.09117647058823529	0.041176470588235294	0.07352941176470588	0.03529411764705882	0.03235294117647059	0.08529411764705883	0.026470588235294117	0.047058823529411764	0.03235294117647059	0.08823529411764706	0.029411764705882353	0.05	0.020588235294117647	0.029411764705882353	0.061764705882352944	0.09411764705882353	0.061764705882352944	0.05588235294117647	0.023529411764705882	0.020588235294117647
A1RQA8	0.1211453744493392	0.004405286343612335	0.05506607929515418	0.05286343612334802	0.00881057268722467	0.10352422907488987	0.024229074889867842	0.09691629955947137	0.05286343612334802	0.09251101321585903	0.01762114537444934	0.05286343612334802	0.03303964757709251	0.048458149779735685	0.037444933920704845	0.03303964757709251	0.048458149779735685	0.08590308370044053	0.006607929515418502	0.024229074889867842
Q6C4I7	0.1366906474820144	0	0.02877697841726619	0.06474820143884892	0.02158273381294964	0.05755395683453238	0.014388489208633094	0.050359712230215826	0.1510791366906475	0.04316546762589928	0.02158273381294964	0.02158273381294964	0.04316546762589928	0.014388489208633094	0.050359712230215826	0.07194244604316546	0.12949640287769784	0.04316546762589928	0	0.03597122302158273
Q9Y5G1	0.08503767491926803	0.00968783638320775	0.06673842841765339	0.062432723358449946	0.03767491926803014	0.0721205597416577	0.02045209903121636	0.04520990312163617	0.03659849300322928	0.10441334768568353	0.012917115177610334	0.05382131324004306	0.062432723358449946	0.04628632938643703	0.04736275565123789	0.07965554359526372	0.05705059203444564	0.06781485468245425	0.005382131324004306	0.02691065662002153
Q5WH08	0.09319899244332494	0.015113350125944584	0.05793450881612091	0.0906801007556675	0.030226700251889168	0.09319899244332494	0.030226700251889168	0.05289672544080604	0.04785894206549118	0.0982367758186398	0.02518891687657431	0.037783375314861464	0.037783375314861464	0.030226700251889168	0.06801007556675064	0.0327455919395466	0.05793450881612091	0.07808564231738035	0	0.022670025188916875
O17514	0.059508408796895215	0.045278137128072445	0.062095730918499355	0.08020698576972833	0.040103492884864166	0.0517464424320828	0.014230271668822769	0.0646830530401035	0.08408796895213454	0.0517464424320828	0.03363518758085381	0.055627425614489	0.047865459249676584	0.028460543337645538	0.06727037516170763	0.07632600258732213	0.04398447606727038	0.037516170763260026	0.01164294954721863	0.04398447606727038
B2D6K9	0.07455012853470437	0.019280205655526992	0.060411311053984576	0.09897172236503857	0.04498714652956298	0.037275064267352186	0.021850899742930592	0.05912596401028278	0.05012853470437018	0.10025706940874037	0.02442159383033419	0.055269922879177376	0.05269922879177378	0.03470437017994859	0.03984575835475578	0.09511568123393316	0.05269922879177378	0.04627249357326478	0.015424164524421594	0.016709511568123392
P68873	0.10204081632653061	0.013605442176870748	0.047619047619047616	0.05442176870748299	0.05442176870748299	0.08843537414965986	0.061224489795918366	0	0.07482993197278912	0.12244897959183673	0.013605442176870748	0.04081632653061224	0.047619047619047616	0.02040816326530612	0.02040816326530612	0.034013605442176874	0.047619047619047616	0.12244897959183673	0.013605442176870748	0.02040816326530612
P16795	0.08695652173913043	0.028985507246376812	0.021739130434782608	0.021739130434782608	0.036231884057971016	0.028985507246376812	0.036231884057971016	0.014492753623188406	0.036231884057971016	0.10144927536231885	0.036231884057971016	0.050724637681159424	0.007246376811594203	0.007246376811594203	0.021739130434782608	0.15217391304347827	0.21014492753623187	0.057971014492753624	0.021739130434782608	0.021739130434782608
P0CB32	0.0904836193447738	0.0109204368174727	0.0686427457098284	0.07020280811232449	0.0358814352574103	0.07956318252730109	0.0109204368174727	0.0655226209048362	0.07956318252730109	0.07956318252730109	0.0202808112324493	0.046801872074883	0.0343213728549142	0.0390015600624025	0.0499219968798752	0.046801872074883	0.0717628705148206	0.07020280811232449	0.0031201248049922	0.0265210608424337
P01484	0.047058823529411764	0.09411764705882353	0.047058823529411764	0.047058823529411764	0.023529411764705882	0.10588235294117647	0.023529411764705882	0.023529411764705882	0.058823529411764705	0.07058823529411765	0.023529411764705882	0.058823529411764705	0.03529411764705882	0.011764705882352941	0.047058823529411764	0.047058823529411764	0.047058823529411764	0.08235294117647059	0.011764705882352941	0.09411764705882353
Q9Z2I0	0.07046070460704607	0.016260162601626018	0.04878048780487805	0.1070460704607046	0.024390243902439025	0.044715447154471545	0.014905149051490514	0.052845528455284556	0.08807588075880758	0.12872628726287264	0.014905149051490514	0.02032520325203252	0.051490514905149054	0.05013550135501355	0.05962059620596206	0.06639566395663957	0.06097560975609756	0.06097560975609756	0.008130081300813009	0.01084010840108401
Q62878	0.06166219839142091	0.0160857908847185	0.040214477211796246	0.05361930294906166	0.03753351206434316	0.064343163538874	0.029490616621983913	0.05093833780160858	0.064343163538874	0.11796246648793565	0.010723860589812333	0.045576407506702415	0.045576407506702415	0.04289544235924933	0.040214477211796246	0.0777479892761394	0.058981233243967826	0.0777479892761394	0.021447721179624665	0.04289544235924933
P62554	0.04950495049504951	0	0.07920792079207921	0.0594059405940594	0.0297029702970297	0.039603960396039604	0.019801980198019802	0.07920792079207921	0.039603960396039604	0.06930693069306931	0.0594059405940594	0.0297029702970297	0.039603960396039604	0.019801980198019802	0.0891089108910891	0.0891089108910891	0.039603960396039604	0.10891089108910891	0.019801980198019802	0.039603960396039604
P15146	0.07576571735626007	0.004298764105319721	0.06878022568511553	0.11767866738312735	0.024717893605588393	0.05964535196131112	0.016120365394948953	0.035464803868887694	0.08382590005373455	0.06448146157979581	0.014508328855454057	0.016120365394948953	0.07791509940891994	0.04245029554003224	0.03868887694787748	0.1090811391724879	0.07200429876410532	0.06125738850080602	0.0026867275658248252	0.014508328855454057
