Q9SBJ6	0.39593908629441626	0.09137055837563451	0.13705583756345177	0.09137055837563451	0.28426395939086296
P78385	0.37322515212981744	0.05476673427991886	0.13184584178498987	0.13793103448275862	0.3022312373225152
Q9TZP5	0.3231939163498099	0.10646387832699619	0.16730038022813687	0.13307984790874525	0.26996197718631176
Q8VZB2	0.4434389140271493	0.1583710407239819	0.1085972850678733	0.05429864253393665	0.23529411764705882
Q9UGP4	0.3520710059171598	0.0621301775147929	0.1257396449704142	0.10650887573964497	0.35355029585798814
P10718	0.46405228758169936	0.17320261437908496	0.08496732026143791	0.05555555555555555	0.2222222222222222
P0AFW4	0.47058823529411764	0.04411764705882353	0.09558823529411764	0.15441176470588236	0.23529411764705882
Q9JXL8	0.4166666666666667	0.05952380952380952	0.125	0.11904761904761904	0.27976190476190477
Q9G6J1	0.5311004784688995	0.10526315789473684	0.03827751196172249	0.05263157894736842	0.2727272727272727
F7BWT7	0.4523809523809524	0.11224489795918367	0.09523809523809523	0.09523809523809523	0.24489795918367346
Q9SVL0	0.2971887550200803	0.05220883534136546	0.2289156626506024	0.12449799196787148	0.2971887550200803
Q8WWZ4	0.3966299416720674	0.10952689565780946	0.1237848347375243	0.11147116007777058	0.25858716785482827
Q06AT9	0.36768802228412256	0.10306406685236769	0.14484679665738162	0.12534818941504178	0.2590529247910863
Q8TQQ1	0.4244791666666667	0.0703125	0.11979166666666667	0.13020833333333334	0.2552083333333333
O42839	0.3532684283727399	0.11265646731571627	0.12517385257301808	0.12239221140472879	0.2865090403337969
A1KJ57	0.4564846416382253	0.07935153583617748	0.13139931740614336	0.10665529010238908	0.22610921501706485
Q6G5P7	0.4531590413943355	0.05664488017429194	0.14596949891067537	0.12200435729847495	0.2222222222222222
P20963	0.39634146341463417	0.09146341463414634	0.16463414634146342	0.12195121951219512	0.22560975609756098
P50991	0.46382189239332094	0.02411873840445269	0.13358070500927643	0.11873840445269017	0.2597402597402597
P34165	0.3333333333333333	0.08333333333333333	0.1388888888888889	0.1111111111111111	0.3333333333333333
Q9NQ25	0.3641791044776119	0.08059701492537313	0.11641791044776119	0.10746268656716418	0.33134328358208953
Q14623	0.41849148418491483	0.0851581508515815	0.15815085158150852	0.09975669099756691	0.2384428223844282
Q636Q4	0.36345776031434185	0.0825147347740668	0.1650294695481336	0.15717092337917485	0.2318271119842829
P19238	0.36767676767676766	0.06464646464646465	0.12727272727272726	0.08686868686868687	0.35353535353535354
Q16518	0.33583489681050654	0.1350844277673546	0.1294559099437148	0.11632270168855535	0.28330206378986866
P50404	0.4411764705882353	0.0374331550802139	0.10695187165775401	0.09893048128342247	0.3155080213903743
B3QY38	0.537109375	0.12890625	0.0546875	0.068359375	0.2109375
Q31VS0	0.45951859956236324	0.05689277899343545	0.12253829321663019	0.11816192560175055	0.24288840262582057
A6H8Y1	0.29001524390243905	0.028201219512195123	0.15853658536585366	0.18864329268292682	0.33460365853658536
Q8N628	0.471875	0.10625	0.084375	0.05	0.2875
Q9Y4R8	0.44922341696535245	0.054958183990442055	0.11947431302270012	0.12186379928315412	0.25448028673835127
Q0SYH7	0.45054945054945056	0.01098901098901099	0.14285714285714285	0.18681318681318682	0.2087912087912088
Q9NRX2	0.4057142857142857	0.05714285714285714	0.18857142857142858	0.10285714285714286	0.24571428571428572
Q338B0	0.3324022346368715	0.07541899441340782	0.1424581005586592	0.17597765363128492	0.2737430167597765
P16288	0.366412213740458	0.08778625954198473	0.1431297709923664	0.10687022900763359	0.2958015267175573
Q54SD5	0.43661971830985913	0.18309859154929578	0.09859154929577464	0.07981220657276995	0.20187793427230047
O94688	0.3014705882352941	0.08088235294117647	0.07352941176470588	0.3014705882352941	0.2426470588235294
A8HMZ4	0.4205128205128205	0.05128205128205128	0.14358974358974358	0.12564102564102564	0.258974358974359
Q9NR46	0.369620253164557	0.0759493670886076	0.13924050632911392	0.13924050632911392	0.2759493670886076
G5ECT0	0.39096267190569745	0.09037328094302555	0.137524557956778	0.12770137524557956	0.25343811394891946
P9WP49	0.46218487394957986	0.025210084033613446	0.15126050420168066	0.12605042016806722	0.23529411764705882
Q06406	0.3953488372093023	0.08139534883720931	0.10465116279069768	0.10465116279069768	0.313953488372093
O95817	0.32	0.036521739130434785	0.1356521739130435	0.11130434782608696	0.39652173913043476
P41180	0.3580705009276438	0.11317254174397032	0.10760667903525047	0.10667903525046382	0.3144712430426716
Q949N0	0.3132969034608379	0.1092896174863388	0.122040072859745	0.17486338797814208	0.28051001821493626
Q04571	0.4722222222222222	0.046296296296296294	0.037037037037037035	0.05555555555555555	0.3888888888888889
P0C5T4	0.3711340206185567	0.08247422680412371	0.14432989690721648	0.15463917525773196	0.24742268041237114
Q8N2N9	0.3170731707317073	0.03399852180339985	0.1973392461197339	0.15299334811529933	0.29859571322985956
Q19555	0.3841240875912409	0.08211678832116788	0.15328467153284672	0.13777372262773724	0.2427007299270073
Q9V176	0.3660245183887916	0.1085814360770578	0.18038528896672504	0.17162872154115585	0.1733800350262697
Q6FI13	0.47692307692307695	0.03076923076923077	0.23076923076923078	0.06923076923076923	0.19230769230769232
P14291	0.28053204353083433	0.06892382103990327	0.17049576783555018	0.154776299879081	0.3252720677146312
B2TPD4	0.42857142857142855	0.08665105386416862	0.1358313817330211	0.1405152224824356	0.20843091334894615
Q8N137	0.3300110741971207	0.03433001107419712	0.14728682170542637	0.15503875968992248	0.3333333333333333
P0C6S5	0.2857142857142857	0.21428571428571427	0.16666666666666666	0.11904761904761904	0.21428571428571427
B8PYG1	0.29473684210526313	0.06666666666666667	0.18596491228070175	0.14035087719298245	0.312280701754386
O80915	0.44545454545454544	0.10454545454545454	0.08181818181818182	0.06818181818181818	0.3
A8AXH8	0.44881889763779526	0.05511811023622047	0.16141732283464566	0.14960629921259844	0.18503937007874016
Q9LML6	0.4112734864300626	0.08559498956158663	0.12526096033402923	0.12526096033402923	0.25260960334029225
Q9TU31	0.4050420168067227	0.11260504201680673	0.12436974789915967	0.08907563025210084	0.2689075630252101
Q96SQ7	0.35202492211838005	0.040498442367601244	0.17757009345794392	0.08411214953271028	0.34579439252336447
Q5M848	0.3980263157894737	0.06907894736842106	0.11842105263157894	0.08223684210526316	0.33223684210526316
O14770	0.36477987421383645	0.05450733752620545	0.13626834381551362	0.1090146750524109	0.33542976939203356
P32590	0.35353535353535354	0.07647907647907648	0.15151515151515152	0.15873015873015872	0.2597402597402597
O88188	0.3765432098765432	0.08641975308641975	0.08641975308641975	0.09876543209876543	0.35185185185185186
Q86XJ1	0.3242074927953891	0.04178674351585014	0.16570605187319884	0.08501440922190202	0.38328530259365995
P35219	0.3620689655172414	0.1	0.1206896551724138	0.16206896551724137	0.25517241379310346
Q9Y5R6	0.3378016085790885	0.06970509383378017	0.10455764075067024	0.08310991957104558	0.40482573726541554
Q728D5	0.4945054945054945	0.054945054945054944	0.12747252747252746	0.11208791208791209	0.210989010989011
P35377	0.4768392370572207	0.1008174386920981	0.09809264305177112	0.0653950953678474	0.25885558583106266
Q72YI4	0.39555555555555555	0.10888888888888888	0.12666666666666668	0.14888888888888888	0.22
Q9CC10	0.45363408521303256	0.08270676691729323	0.12781954887218044	0.13784461152882205	0.19799498746867167
Q68985	0.4015151515151515	0.07575757575757576	0.10303030303030303	0.07878787878787878	0.3409090909090909
P9WNB1	0.43147208121827413	0.06260575296108291	0.13028764805414553	0.1116751269035533	0.2639593908629442
P03870	0.33569739952718675	0.11347517730496454	0.1536643026004728	0.09456264775413711	0.30260047281323876
Q96A08	0.33858267716535434	0.06299212598425197	0.2440944881889764	0.07874015748031496	0.2755905511811024
P42751	0.35103244837758113	0.12389380530973451	0.11504424778761062	0.11799410029498525	0.2920353982300885
P0CP83	0.3743016759776536	0.0893854748603352	0.1340782122905028	0.10614525139664804	0.29608938547486036
P80433	0.42028985507246375	0.043478260869565216	0.15942028985507245	0.057971014492753624	0.3188405797101449
Q9NZI8	0.39168110918544197	0.04852686308492201	0.1559792027729636	0.10745233968804159	0.29636048526863085
B5BIN6	0.45652173913043476	0.06521739130434782	0.11521739130434783	0.14347826086956522	0.21956521739130436
Q01721	0.446064139941691	0.04664723032069971	0.11370262390670553	0.11078717201166181	0.282798833819242
Q60YU0	0.36253776435045315	0.1027190332326284	0.1419939577039275	0.1419939577039275	0.25075528700906347
C3P025	0.33455882352941174	0.11948529411764706	0.15073529411764705	0.15441176470588236	0.24080882352941177
B8HW52	0.46	0.05	0.13	0.13	0.23
P26308	0.39705882352941174	0.07647058823529412	0.12058823529411765	0.10882352941176471	0.29705882352941176
A1RQA8	0.5176211453744494	0.039647577092511016	0.1145374449339207	0.10792951541850221	0.22026431718061673
Q6C4I7	0.35251798561151076	0.05755395683453238	0.2158273381294964	0.09352517985611511	0.2805755395683453
Q9Y5G1	0.38751345532831	0.06996770721205597	0.10441334768568353	0.12917115177610333	0.30893433799784714
Q5WH08	0.44080604534005036	0.05289672544080604	0.14609571788413098	0.1486146095717884	0.21158690176322417
O17514	0.2988357050452781	0.09573091849935317	0.16558861578266496	0.1423027166882277	0.2975420439844761
B2D6K9	0.34190231362467866	0.07712082262210797	0.11182519280205655	0.15938303341902313	0.3097686375321337
P68873	0.4489795918367347	0.08843537414965986	0.1564625850340136	0.10204081632653061	0.20408163265306123
P16795	0.32608695652173914	0.07971014492753623	0.09420289855072464	0.043478260869565216	0.45652173913043476
P0CB32	0.40561622464898595	0.0655226209048362	0.14040561622464898	0.13884555382215288	0.24960998439937598
P01484	0.35294117647058826	0.12941176470588237	0.12941176470588237	0.09411764705882353	0.29411764705882354
Q9Z2I0	0.37262872628726285	0.04336043360433604	0.16260162601626016	0.15582655826558264	0.26558265582655827
Q62878	0.38337801608579086	0.10187667560321716	0.13404825737265416	0.0938337801608579	0.2868632707774799
P62554	0.40594059405940597	0.0891089108910891	0.1485148514851485	0.13861386138613863	0.21782178217821782
P15146	0.3111230521225148	0.04191295002686728	0.138635142396561	0.18645889306824287	0.32186996238581406
Q9SJL7	0.3053691275167785	0.07046979865771812	0.1610738255033557	0.1174496644295302	0.34563758389261745
P0C5W1	0.3940329218106996	0.03909465020576132	0.12448559670781893	0.10905349794238683	0.3333333333333333
Q792H5	0.41929133858267714	0.0610236220472441	0.09448818897637795	0.06692913385826772	0.35826771653543305
D2Y1X9	0.3614457831325301	0.12048192771084337	0.1566265060240964	0.13253012048192772	0.2289156626506024
B4SD35	0.435	0.07	0.13	0.125	0.24
C1AGS2	0.5757575757575758	0.09090909090909091	0.09090909090909091	0.050505050505050504	0.1919191919191919
A2CBX2	0.45286885245901637	0.04918032786885246	0.125	0.1290983606557377	0.24385245901639344
P01619	0.3620689655172414	0.10344827586206896	0.0603448275862069	0.07758620689655173	0.39655172413793105
B9JC94	0.45689655172413796	0.09051724137931035	0.11637931034482758	0.09913793103448276	0.23706896551724138
P0DKW5	0.38434163701067614	0.05693950177935943	0.1423487544483986	0.16725978647686832	0.2491103202846975
A7FLH5	0.4827586206896552	0.05172413793103448	0.11494252873563218	0.1206896551724138	0.22988505747126436
B0D316	0.4034334763948498	0.07725321888412018	0.11587982832618025	0.11373390557939914	0.28969957081545067
P17064	0.47842401500938087	0.14821763602251406	0.06378986866791744	0.07317073170731707	0.23639774859287055
P55773	0.35	0.058333333333333334	0.15833333333333333	0.09166666666666666	0.3416666666666667
P87745	0.35989717223650386	0.12596401028277635	0.061696658097686374	0.03598971722365039	0.41645244215938304
P47905	0.32903225806451614	0.07096774193548387	0.25161290322580643	0.10967741935483871	0.23870967741935484
Q8TX49	0.42777777777777776	0.05555555555555555	0.17777777777777778	0.17777777777777778	0.16111111111111112
Q86V20	0.3520958083832335	0.07425149700598803	0.1377245508982036	0.11736526946107785	0.318562874251497
O84735	0.424	0.06933333333333333	0.13066666666666665	0.10933333333333334	0.26666666666666666
Q9ZGI4	0.5028082374966568	0.051618079700454664	0.10056164749933137	0.12543460818400642	0.2195774271195507
Q96CD0	0.4732620320855615	0.0427807486631016	0.15240641711229946	0.11229946524064172	0.2192513368983957
P08195	0.4301587301587302	0.06825396825396825	0.1	0.12380952380952381	0.2777777777777778
P23975	0.4554294975688817	0.15559157212317667	0.08914100486223663	0.06807131280388978	0.23176661264181522
P26801	0.3466666666666667	0.013333333333333334	0.18	0.1	0.36
Q5FNK4	0.4631336405529954	0.07142857142857142	0.1336405529953917	0.12211981566820276	0.20967741935483872
Q5SMQ9	0.453781512605042	0.09915966386554621	0.10252100840336134	0.07563025210084033	0.2689075630252101
P69300	0.2391304347826087	0.11956521739130435	0.2391304347826087	0.21739130434782608	0.18478260869565216
Q99616	0.3673469387755102	0.07142857142857142	0.1836734693877551	0.04081632653061224	0.336734693877551
Q3UW26	0.2631578947368421	0.21804511278195488	0.10526315789473684	0.12030075187969924	0.2932330827067669
Q6BKW7	0.35658914728682173	0.05426356589147287	0.21705426356589147	0.07751937984496124	0.29457364341085274
P34522	0.29292929292929293	0.08754208754208755	0.132996632996633	0.1414141414141414	0.3451178451178451
Q60429	0.3942054433713784	0.056189640035118525	0.11940298507462686	0.08604038630377524	0.34416154521510095
Q8NCK7	0.5711252653927813	0.0870488322717622	0.06157112526539278	0.040339702760084924	0.23991507430997877
Q9SJC4	0.38515901060070673	0.09540636042402827	0.127208480565371	0.1413427561837456	0.2508833922261484
Q5THJ4	0.359845031905196	0.07976298997265269	0.13445761166818596	0.12123974475843209	0.3046946216955333
Q9SFF4	0.3449920508744038	0.03179650238473768	0.17011128775834658	0.2082670906200318	0.24483306836248012
Q7N7F1	0.5502392344497608	0.09090909090909091	0.07177033492822966	0.06220095693779904	0.22488038277511962
P49371	0.31722054380664655	0.13293051359516617	0.1510574018126888	0.11782477341389729	0.2809667673716012
P17214	0.3376251788268956	0.11015736766809728	0.17310443490701002	0.10872675250357654	0.2703862660944206
Q491V0	0.35571687840290384	0.11433756805807622	0.1306715063520871	0.0852994555353902	0.3139745916515426
Q99836	0.3885135135135135	0.07432432432432433	0.12837837837837837	0.12837837837837837	0.28040540540540543
P13863	0.38943894389438943	0.09900990099009901	0.15841584158415842	0.12871287128712872	0.22442244224422442
O24466	0.37962962962962965	0.08333333333333333	0.1388888888888889	0.125	0.27314814814814814
P69852	0.36231884057971014	0.07246376811594203	0.13043478260869565	0.08695652173913043	0.34782608695652173
Q66HG4	0.3742690058479532	0.1111111111111111	0.1286549707602339	0.10818713450292397	0.2777777777777778
Q75WH5	0.4074074074074074	0.04938271604938271	0.12345679012345678	0.16049382716049382	0.25925925925925924
A5D7Q3	0.3601108033240997	0.06925207756232687	0.1634349030470914	0.12465373961218837	0.28254847645429365
B3E3M5	0.47398843930635837	0.06358381502890173	0.11849710982658959	0.11849710982658959	0.2254335260115607
P27142	0.45161290322580644	0.059907834101382486	0.14746543778801843	0.14285714285714285	0.19815668202764977
Q8MBQ1	0.45102040816326533	0.05918367346938776	0.10204081632653061	0.11836734693877551	0.2693877551020408
P84227	0.3897058823529412	0.051470588235294115	0.2426470588235294	0.08088235294117647	0.23529411764705882
Q8K3F6	0.38946162657502864	0.09392898052691867	0.14432989690721648	0.1145475372279496	0.25773195876288657
Q29195	0.3644859813084112	0.08878504672897196	0.24766355140186916	0.08878504672897196	0.2102803738317757
P61371	0.3438395415472779	0.06017191977077364	0.15472779369627507	0.10888252148997135	0.332378223495702
Q97EK8	0.41637010676156583	0.046263345195729534	0.14590747330960854	0.16370106761565836	0.2277580071174377
Q55FS3	0.3719512195121951	0.12804878048780488	0.10365853658536585	0.0701219512195122	0.32621951219512196
C3KDE0	0.43564356435643564	0.08250825082508251	0.12211221122112212	0.1485148514851485	0.21122112211221122
P12899	0.34615384615384615	0.10294117647058823	0.14027149321266968	0.05429864253393665	0.3563348416289593
P26431	0.4317073170731707	0.0975609756097561	0.12560975609756098	0.09878048780487805	0.24634146341463414
Q96533	0.42744063324538256	0.07387862796833773	0.1266490765171504	0.10817941952506596	0.2638522427440633
Q8I615	0.25651808242220353	0.0782169890664424	0.19259882253994953	0.11438183347350715	0.3582842724978974
Q1RLK6	0.4057142857142857	0.10285714285714286	0.15142857142857144	0.08285714285714285	0.2571428571428571
P08235	0.3201219512195122	0.07215447154471545	0.11077235772357724	0.09044715447154472	0.4065040650406504
Q9HZJ2	0.48951048951048953	0.07272727272727272	0.12867132867132866	0.13146853146853146	0.17762237762237762
Q6P9B6	0.36403508771929827	0.08114035087719298	0.13815789473684212	0.125	0.2916666666666667
Q55843	0.4419642857142857	0.07589285714285714	0.10714285714285714	0.10267857142857142	0.27232142857142855
Q969H4	0.3472222222222222	0.05555555555555555	0.125	0.1361111111111111	0.33611111111111114
B5F8L6	0.38404452690166974	0.09833024118738404	0.1261595547309833	0.12430426716141002	0.26716141001855287
Q60660	0.2777777777777778	0.0763888888888889	0.18055555555555555	0.13541666666666666	0.3298611111111111
P0DSX6	0.3518957345971564	0.11137440758293839	0.1457345971563981	0.12440758293838862	0.2665876777251185
Q2JXG4	0.46153846153846156	0.09743589743589744	0.13333333333333333	0.07692307692307693	0.23076923076923078
P26218	0.3382899628252788	0.13940520446096655	0.11524163568773234	0.12639405204460966	0.28066914498141265
Q19642	0.39203084832904883	0.07712082262210797	0.14010282776349614	0.14010282776349614	0.2506426735218509
Q5XHF8	0.33775419982316535	0.08045977011494253	0.15561450044208666	0.15030946065428824	0.27586206896551724
O43133	0.3907563025210084	0.07983193277310924	0.15966386554621848	0.13445378151260504	0.23529411764705882
P41137	0.3358208955223881	0.03731343283582089	0.1417910447761194	0.09701492537313433	0.3880597014925373
P15655	0.36363636363636365	0.1038961038961039	0.18181818181818182	0.09740259740259741	0.2532467532467532
Q70DJ5	0.3607142857142857	0.11071428571428571	0.09285714285714286	0.08571428571428572	0.35
B5FB77	0.3931203931203931	0.07125307125307126	0.16953316953316952	0.14250614250614252	0.22358722358722358
Q2KJH9	0.42105263157894735	0.08704453441295547	0.11538461538461539	0.11538461538461539	0.2611336032388664
Q6AY41	0.3567073170731707	0.11585365853658537	0.13109756097560976	0.10060975609756098	0.29573170731707316
Q12338	0.2909090909090909	0.10909090909090909	0.10909090909090909	0.15454545454545454	0.33636363636363636
O13998	0.3852040816326531	0.09183673469387756	0.15816326530612246	0.14030612244897958	0.22448979591836735
Q5RDW0	0.41964285714285715	0.08035714285714286	0.14732142857142858	0.12053571428571429	0.23214285714285715
Q9UBU8	0.3342541436464088	0.09392265193370165	0.1850828729281768	0.1270718232044199	0.2596685082872928
Q3J7T4	0.42038216560509556	0.07006369426751592	0.14012738853503184	0.08917197452229299	0.2802547770700637
Q9LKF9	0.39783491204330174	0.08525033829499323	0.12178619756427606	0.13396481732070364	0.26116373477672533
P54131	0.40480961923847697	0.10420841683366733	0.11022044088176353	0.10220440881763528	0.2785571142284569
Q9TTU3	0.43014705882352944	0.11029411764705882	0.10784313725490197	0.10294117647058823	0.24877450980392157
Q6K209	0.3625	0.05	0.1875	0.075	0.325
A4W6X1	0.3864734299516908	0.09903381642512077	0.1280193236714976	0.10869565217391304	0.2777777777777778
Q6Z7B0	0.40601503759398494	0.061654135338345864	0.14887218045112782	0.17293233082706766	0.21052631578947367
Q9CR61	0.32116788321167883	0.08759124087591241	0.21897810218978103	0.1678832116788321	0.20437956204379562
A1Z0Q5	0.40609137055837563	0.08375634517766498	0.116751269035533	0.08629441624365482	0.30710659898477155
Q3YZV1	0.40606060606060607	0.09090909090909091	0.14696969696969697	0.11818181818181818	0.23787878787878788
A4FFQ4	0.3526315789473684	0.11578947368421053	0.11578947368421053	0.21052631578947367	0.20526315789473684
Q8N8Q1	0.5065502183406113	0.10480349344978165	0.12663755458515283	0.026200873362445413	0.23580786026200873
Q93ZE2	0.3532608695652174	0.0625	0.1358695652173913	0.12228260869565218	0.32608695652173914
Q01650	0.4990138067061144	0.11637080867850098	0.07297830374753451	0.0611439842209073	0.2504930966469428
Q5GTR3	0.3933774834437086	0.06754966887417219	0.15364238410596026	0.15364238410596026	0.23178807947019867
P57700	0.4706766917293233	0.08421052631578947	0.10676691729323308	0.10977443609022557	0.22857142857142856
Q7KQL3	0.3867403314917127	0.09944751381215469	0.14917127071823205	0.143646408839779	0.22099447513812154
O84172	0.4387755102040816	0.08163265306122448	0.14030612244897958	0.10204081632653061	0.2372448979591837
Q02446	0.3673469387755102	0.01913265306122449	0.07142857142857142	0.05994897959183673	0.48214285714285715
Q76IQ7	0.3403805496828753	0.048625792811839326	0.11205073995771671	0.080338266384778	0.4186046511627907
P54349	0.3665158371040724	0.06334841628959276	0.13574660633484162	0.10407239819004525	0.33031674208144796
P29924	0.5049786628733998	0.14509246088193456	0.10810810810810811	0.07823613086770982	0.16358463726884778
P70232	0.34325889164598844	0.0827129859387924	0.1273779983457403	0.13316790736145576	0.3134822167080232
Q1RBX3	0.4641350210970464	0.07172995780590717	0.12236286919831224	0.1160337552742616	0.22573839662447256
P0DJD2	0.3870967741935484	0.08602150537634409	0.12903225806451613	0.12903225806451613	0.26881720430107525
Q9Y5X5	0.3888888888888889	0.11685823754789272	0.13026819923371646	0.07279693486590039	0.29118773946360155
Q8N7J2	0.37853949329359166	0.026825633383010434	0.15797317436661698	0.14307004470938897	0.293591654247392
P73204	0.37362637362637363	0.09523809523809523	0.14285714285714285	0.10622710622710622	0.28205128205128205
B2VIS3	0.4166666666666667	0.13541666666666666	0.08333333333333333	0.13541666666666666	0.22916666666666666
Q9P0V9	0.32599118942731276	0.07929515418502203	0.17180616740088106	0.14977973568281938	0.27312775330396477
Q074N0	0.42819460726846426	0.08177022274325908	0.13892145369284878	0.10785463071512309	0.24325908558030482
A4SGE6	0.4507042253521127	0.05070422535211268	0.11549295774647887	0.11549295774647887	0.2676056338028169
Q87T31	0.5	0.0625	0.09765625	0.13671875	0.203125
A0A0B4J1G0	0.3453815261044177	0.10441767068273092	0.13654618473895583	0.09236947791164658	0.321285140562249
Q99278	0.3217391304347826	0.05217391304347826	0.14782608695652175	0.1565217391304348	0.3217391304347826
P0C2T2	0.44	0.11076923076923077	0.07076923076923076	0.07076923076923076	0.3076923076923077
O42894	0.415929203539823	0.048672566371681415	0.11061946902654868	0.168141592920354	0.25663716814159293
Q8JI14	0.45901639344262296	0.125	0.08811475409836066	0.08401639344262295	0.24385245901639344
A6QQW8	0.3472584856396867	0.13054830287206268	0.1122715404699739	0.10966057441253264	0.3002610966057441
Q6ZMZ3	0.38666666666666666	0.06051282051282051	0.1558974358974359	0.14974358974358976	0.24717948717948718
Q866E7	0.39617486338797814	0.11475409836065574	0.1284153005464481	0.09562841530054644	0.2650273224043716
P68291	0.37662337662337664	0.06493506493506493	0.12337662337662338	0.1038961038961039	0.33116883116883117
P22261	0.25680933852140075	0.05058365758754864	0.17120622568093385	0.038910505836575876	0.48249027237354086
Q0TUR6	0.3483309143686502	0.12772133526850507	0.14513788098693758	0.14949201741654572	0.22931785195936139
A8ALE6	0.3959731543624161	0.09395973154362416	0.13758389261744966	0.11073825503355705	0.26174496644295303
P60254	0.18181818181818182	0.0	0.36363636363636365	0.12121212121212122	0.3333333333333333
Q8N140	0.34534534534534533	0.1021021021021021	0.13513513513513514	0.15915915915915915	0.25825825825825827
A8LK18	0.4611973392461197	0.07095343680709534	0.13082039911308205	0.12416851441241686	0.21286031042128603
Q9Z0U4	0.37235116044399597	0.09889001009081735	0.13319878910191726	0.10696266397578204	0.2885973763874874
P53539	0.3224852071005917	0.05917159763313609	0.09171597633136094	0.1242603550295858	0.40236686390532544
B1MTN8	0.32400932400932403	0.07459207459207459	0.18181818181818182	0.17249417249417248	0.24708624708624707
A0A0H2URJ6	0.3620689655172414	0.13054187192118227	0.11822660098522167	0.12807881773399016	0.26108374384236455
A8C8W3	0.36042402826855124	0.10070671378091872	0.12190812720848057	0.10070671378091872	0.31625441696113077
A4WDE9	0.388646288209607	0.09606986899563319	0.14847161572052403	0.09170305676855896	0.27510917030567683
Q9VND8	0.36813186813186816	0.0989010989010989	0.13186813186813187	0.13736263736263737	0.26373626373626374
Q9C010	0.3076923076923077	0.01282051282051282	0.15384615384615385	0.20512820512820512	0.32051282051282054
A2AHG0	0.3757142857142857	0.03571428571428571	0.14	0.13	0.31857142857142856
Q80SU6	0.49584026622296173	0.07653910149750416	0.07321131447587355	0.05490848585690516	0.2995008319467554
Q91DM1	0.5970149253731343	0.11940298507462686	0.07462686567164178	0.029850746268656716	0.1791044776119403
Q9ZM19	0.3960880195599022	0.09290953545232274	0.13691931540342298	0.12224938875305623	0.25183374083129584
Q9W5E1	0.3055555555555556	0.1111111111111111	0.1574074074074074	0.14814814814814814	0.2777777777777778
Q98LX2	0.5065502183406113	0.05895196506550218	0.1331877729257642	0.11353711790393013	0.18777292576419213
P59990	0.2708333333333333	0.03125	0.052083333333333336	0.0	0.6458333333333334
Q1LZD9	0.37115384615384617	0.057692307692307696	0.16346153846153846	0.1519230769230769	0.25576923076923075
Q28028	0.3765432098765432	0.07407407407407407	0.12345679012345678	0.11728395061728394	0.30864197530864196
B2JZB1	0.5098039215686274	0.050980392156862744	0.12156862745098039	0.10980392156862745	0.20784313725490197
P43563	0.289198606271777	0.1289198606271777	0.14634146341463414	0.07317073170731707	0.3623693379790941
Q9P2S5	0.3847826086956522	0.1108695652173913	0.1108695652173913	0.09565217391304348	0.29782608695652174
P13688	0.33079847908745247	0.07604562737642585	0.08365019011406843	0.0817490494296578	0.42775665399239543
O95267	0.3437892095357591	0.07904642409033877	0.15809284818067754	0.1191969887076537	0.2998745294855709
Q1PD54	0.3462033462033462	0.10682110682110682	0.135993135993136	0.0990990990990991	0.31188331188331186
P32793	0.3504273504273504	0.09188034188034189	0.14743589743589744	0.13034188034188035	0.2799145299145299
P26042	0.32582322357019067	0.0658578856152513	0.19584055459272098	0.18717504332755633	0.22530329289428075
Q6CMV8	0.3181818181818182	0.05303030303030303	0.21212121212121213	0.08333333333333333	0.3333333333333333
P31260	0.37317073170731707	0.07073170731707316	0.11219512195121951	0.08780487804878048	0.35609756097560974
Q8IS18	0.2381870781099325	0.058823529411764705	0.10414657666345227	0.08293153326904533	0.5159112825458052
O95782	0.41146366427840325	0.07164790174002048	0.12077789150460594	0.10747185261003071	0.28863868986693964
Q2TBC4	0.33430232558139533	0.06976744186046512	0.11627906976744186	0.11918604651162791	0.36046511627906974
A4SIG1	0.4213075060532688	0.08716707021791767	0.162227602905569	0.14285714285714285	0.1864406779661017
P71778	0.5081585081585082	0.08158508158508158	0.13053613053613053	0.08857808857808858	0.19114219114219114
A3F5L9	0.3643629525152797	0.10155148095909731	0.13963328631875882	0.10907381288199341	0.2853784673248707
Q59002	0.4282051282051282	0.10512820512820513	0.14358974358974358	0.1282051282051282	0.19487179487179487
Q9NP72	0.3932038834951456	0.07766990291262135	0.13592233009708737	0.1553398058252427	0.23786407766990292
Q2V3I3	0.3577981651376147	0.10091743119266056	0.1743119266055046	0.03669724770642202	0.3302752293577982
P02941	0.45750452079566006	0.04701627486437613	0.09403254972875226	0.10849909584086799	0.29294755877034356
Q9YCB6	0.42773722627737226	0.07883211678832117	0.172992700729927	0.14014598540145987	0.1802919708029197
O76002	0.46153846153846156	0.125	0.09935897435897435	0.04807692307692308	0.266025641025641
P0DQD2	0.3619047619047619	0.09047619047619047	0.16031746031746033	0.09682539682539683	0.2904761904761905
Q137C3	0.4798994974874372	0.05527638190954774	0.1306532663316583	0.11809045226130653	0.21608040201005024
Q9HCU0	0.36723910171730517	0.06340819022457067	0.09247027741083223	0.10039630118890357	0.3764861294583884
Q9SDM1	0.40816326530612246	0.10204081632653061	0.10204081632653061	0.09795918367346938	0.2897959183673469
P05630	0.5	0.047619047619047616	0.08928571428571429	0.10119047619047619	0.2619047619047619
F4JF21	0.2874251497005988	0.11377245508982035	0.1721556886227545	0.20808383233532934	0.218562874251497
C3P9J5	0.43790849673202614	0.04793028322440087	0.12418300653594772	0.12418300653594772	0.2657952069716776
Q0KEP4	0.4520547945205479	0.05821917808219178	0.16095890410958905	0.08904109589041095	0.23972602739726026
Q6XXM1	0.3816793893129771	0.07633587786259542	0.22900763358778625	0.06870229007633588	0.24427480916030533
Q8CEG0	0.39285714285714285	0.11479591836734694	0.12755102040816327	0.09438775510204081	0.27040816326530615
Q9SHC2	0.42073170731707316	0.03048780487804878	0.15853658536585366	0.12195121951219512	0.2682926829268293
Q6AY34	0.34057971014492755	0.07608695652173914	0.18840579710144928	0.07246376811594203	0.322463768115942
Q9STX5	0.32806804374240583	0.08262454434993925	0.16281895504252733	0.20048602673147023	0.22600243013365734
Q84K90	0.4144486692015209	0.045627376425855515	0.16730038022813687	0.1482889733840304	0.22433460076045628
B0KL32	0.5095137420718816	0.03805496828752643	0.1226215644820296	0.11839323467230443	0.21141649048625794
Q9SLY8	0.28773584905660377	0.10613207547169812	0.15330188679245282	0.2429245283018868	0.2099056603773585
P26135	0.34452296819787986	0.09540636042402827	0.12014134275618374	0.11307420494699646	0.32685512367491165
Q7RTM1	0.44607843137254904	0.09640522875816994	0.11764705882352941	0.07516339869281045	0.2647058823529412
P26730	0.44565217391304346	0.08695652173913043	0.11956521739130435	0.08695652173913043	0.2608695652173913
Q9LF53	0.4187380497131931	0.06883365200764818	0.10325047801147227	0.13766730401529637	0.27151051625239003
B7MWF3	0.40636042402826855	0.10600706713780919	0.127208480565371	0.12014134275618374	0.24028268551236748
Q9BQY4	0.3680555555555556	0.0763888888888889	0.09375	0.1527777777777778	0.3090277777777778
Q9Z515	0.5152439024390244	0.021341463414634148	0.16463414634146342	0.125	0.17378048780487804
A5PJI5	0.3994252873563218	0.07471264367816093	0.11206896551724138	0.14655172413793102	0.2672413793103448
B8B2R4	0.3103448275862069	0.07692307692307693	0.14058355437665782	0.2572944297082228	0.21485411140583555
A2AUM9	0.3248847926267281	0.039746543778801845	0.1641705069124424	0.16993087557603687	0.30126728110599077
P23585	0.4417744916820702	0.1423290203327172	0.08502772643253234	0.07024029574861368	0.26062846580406657
Q08301	0.40093240093240096	0.06060606060606061	0.13752913752913754	0.11655011655011654	0.28438228438228436
O88182	0.3140096618357488	0.0966183574879227	0.21256038647342995	0.0966183574879227	0.28019323671497587
Q9Y6K0	0.41586538461538464	0.12259615384615384	0.11298076923076923	0.052884615384615384	0.2956730769230769
Q9ZL51	0.40804597701149425	0.06321839080459771	0.1839080459770115	0.16091954022988506	0.1839080459770115
O13076	0.47058823529411764	0.11176470588235295	0.10294117647058823	0.047058823529411764	0.2676470588235294
Q99JD4	0.3584758942457232	0.053654743390357695	0.14774494556765164	0.1166407465007776	0.3234836702954899
P52016	0.2595078299776286	0.04697986577181208	0.25279642058165547	0.174496644295302	0.2662192393736018
Q9GLF3	0.32972972972972975	0.14054054054054055	0.0972972972972973	0.05945945945945946	0.372972972972973
Q9CQC2	0.40707964601769914	0.04424778761061947	0.13274336283185842	0.09734513274336283	0.3185840707964602
Q74JU6	0.41919191919191917	0.05808080808080808	0.13383838383838384	0.17676767676767677	0.21212121212121213
Q6ZS72	0.4376321353065539	0.0507399577167019	0.11839323467230443	0.07822410147991543	0.3150105708245243
Q8K5B1	0.33379888268156427	0.09916201117318436	0.11871508379888268	0.10893854748603352	0.3393854748603352
A1D611	0.3309002433090024	0.09732360097323602	0.1362530413625304	0.08759124087591241	0.34793187347931875
Q9GPR7	0.365	0.085	0.115	0.135	0.3
Q9FLU1	0.2907488986784141	0.028634361233480177	0.16079295154185022	0.1828193832599119	0.3370044052863436
P34162	0.41904761904761906	0.06666666666666667	0.11428571428571428	0.12380952380952381	0.2761904761904762
Q8XZP8	0.4650537634408602	0.06182795698924731	0.14516129032258066	0.12634408602150538	0.20161290322580644
F4I562	0.3855421686746988	0.08433734939759036	0.1108433734939759	0.11566265060240964	0.3036144578313253
Q9FVI6	0.3848396501457726	0.0641399416909621	0.12244897959183673	0.10204081632653061	0.32653061224489793
B8F4V8	0.48502994011976047	0.0658682634730539	0.11976047904191617	0.10778443113772455	0.2215568862275449
F1NY98	0.35693215339233036	0.0776794493608653	0.11897738446411013	0.10029498525073746	0.34611602753195675
P10321	0.3743169398907104	0.07650273224043716	0.13114754098360656	0.1284153005464481	0.2896174863387978
P07367	0.5666666666666667	0.08333333333333333	0.05	0.0	0.3
P04494	0.34375	0.125	0.14375	0.08125	0.30625
Q804H7	0.2929936305732484	0.07643312101910828	0.17197452229299362	0.17834394904458598	0.2802547770700637
Q496F6	0.3804878048780488	0.0975609756097561	0.1073170731707317	0.08292682926829269	0.33170731707317075
Q05322	0.41434262948207173	0.07569721115537849	0.12749003984063745	0.07569721115537849	0.30677290836653387
Q8IFJ8	0.3292867981790592	0.10773899848254932	0.16236722306525037	0.15174506828528073	0.2488619119878604
P34644	0.4461805555555556	0.13194444444444445	0.08854166666666667	0.06770833333333333	0.265625
P0AFQ9	0.41132075471698115	0.07547169811320754	0.1509433962264151	0.16226415094339622	0.2
B9HBA8	0.42803030303030304	0.06439393939393939	0.14015151515151514	0.11742424242424243	0.25
Q39253	0.49892008639308855	0.09287257019438445	0.07775377969762419	0.0734341252699784	0.2570194384449244
A0A0R4IBK5	0.3532347859473987	0.0846611633710885	0.14340564407755807	0.1382223075446343	0.2804760990593204
Q9LRR0	0.46814404432132967	0.038781163434903045	0.1440443213296399	0.13019390581717452	0.2188365650969529
Q14141	0.33410138248847926	0.07142857142857142	0.17511520737327188	0.15898617511520738	0.26036866359447003
Q9EQ28	0.31385281385281383	0.045454545454545456	0.18614718614718614	0.13203463203463203	0.3225108225108225
Q6IMN6	0.28482697426796805	0.07630878438331855	0.12599822537710736	0.11535048802129548	0.39751552795031053
Q8R3L8	0.3275862068965517	0.09267241379310345	0.18318965517241378	0.12284482758620689	0.27370689655172414
P97544	0.391025641025641	0.12179487179487179	0.13782051282051283	0.07371794871794872	0.27564102564102566
Q9VRJ2	0.36879432624113473	0.1182033096926714	0.14420803782505912	0.06382978723404255	0.3049645390070922
Q9LVH4	0.4067796610169492	0.04519774011299435	0.14689265536723164	0.14689265536723164	0.2542372881355932
A0LEQ2	0.5288753799392097	0.1337386018237082	0.08206686930091185	0.060790273556231005	0.1945288753799392
P93013	0.3723849372384937	0.08368200836820083	0.15481171548117154	0.03347280334728033	0.35564853556485354
A7FE06	0.3859275053304904	0.10660980810234541	0.13646055437100213	0.1279317697228145	0.24307036247334754
P34147	0.35451505016722407	0.10367892976588629	0.14046822742474915	0.13043478260869565	0.2709030100334448
Q9JHQ5	0.3377926421404682	0.046822742474916385	0.16387959866220736	0.19063545150501673	0.2608695652173913
Q8TEX9	0.4440333024976873	0.04995374653098982	0.10823311748381129	0.13783533765032377	0.2599444958371878
P86720	0.36231884057971014	0.028985507246376812	0.10144927536231885	0.08695652173913043	0.42028985507246375
P26583	0.21052631578947367	0.07655502392344497	0.2535885167464115	0.22966507177033493	0.22966507177033493
P36721	0.33884297520661155	0.10082644628099173	0.13553719008264462	0.13884297520661157	0.2859504132231405
Q59WV0	0.36416184971098264	0.1329479768786127	0.09826589595375723	0.10404624277456648	0.30057803468208094
P48721	0.4108983799705449	0.048600883652430045	0.14285714285714285	0.13991163475699558	0.25773195876288657
Q8N7B9	0.3242009132420091	0.1004566210045662	0.17579908675799086	0.11187214611872145	0.2876712328767123
Q9AIM2	0.3673469387755102	0.1326530612244898	0.11224489795918367	0.14795918367346939	0.23979591836734693
O22290	0.4291497975708502	0.05668016194331984	0.0728744939271255	0.10931174089068826	0.3319838056680162
G5EDK5	0.35554699537750384	0.0812788906009245	0.12211093990755008	0.12942989214175654	0.31163328197226503
P09011	0.5057471264367817	0.12260536398467432	0.0842911877394636	0.0421455938697318	0.24521072796934865
Q96CN5	0.39850746268656717	0.022388059701492536	0.1626865671641791	0.15970149253731344	0.25671641791044775
Q9VFS5	0.3438775510204082	0.07244897959183673	0.10612244897959183	0.14795918367346939	0.3295918367346939
Q1R6S5	0.4053398058252427	0.07766990291262135	0.15776699029126215	0.1383495145631068	0.220873786407767
Q47HQ7	0.42748091603053434	0.10687022900763359	0.1450381679389313	0.10305343511450382	0.21755725190839695
Q9SN35	0.37850467289719625	0.08878504672897196	0.13551401869158877	0.14953271028037382	0.24766355140186916
Q90476	0.29876543209876544	0.07901234567901234	0.14814814814814814	0.11358024691358025	0.36049382716049383
Q8UUY8	0.4449877750611247	0.11246943765281174	0.09046454767726161	0.06845965770171149	0.28361858190709044
P15813	0.382089552238806	0.11641791044776119	0.10746268656716418	0.08059701492537313	0.31343283582089554
O73790	0.33170731707317075	0.1	0.17560975609756097	0.12439024390243902	0.2682926829268293
Q9BSB4	0.3669724770642202	0.08256880733944955	0.1559633027522936	0.15137614678899083	0.24311926605504589
Q5SQP1	0.3137254901960784	0.08496732026143791	0.16013071895424835	0.12745098039215685	0.3137254901960784
P17315	0.34087481146304677	0.10256410256410256	0.12217194570135746	0.13725490196078433	0.2971342383107089
Q63528	0.37407407407407406	0.07037037037037037	0.10740740740740741	0.10740740740740741	0.34074074074074073
P05892	0.36801541425818884	0.06936416184971098	0.15606936416184972	0.10597302504816955	0.30057803468208094
Q60739	0.3464788732394366	0.022535211267605635	0.17464788732394365	0.15492957746478872	0.30140845070422534
G3X982	0.4059925093632959	0.07715355805243446	0.1198501872659176	0.11161048689138577	0.2853932584269663
Q2WG76	0.2734375	0.09375	0.125	0.1484375	0.359375
A9MJR0	0.42028985507246375	0.06763285024154589	0.1497584541062802	0.11594202898550725	0.2463768115942029
Q28203	0.30714285714285716	0.06428571428571428	0.12857142857142856	0.11071428571428571	0.3892857142857143
P38261	0.3187250996015936	0.057104913678618856	0.14873837981407703	0.13147410358565736	0.34395750332005315
P48840	0.3717277486910995	0.12041884816753927	0.11518324607329843	0.13507853403141362	0.25759162303664923
Q66HT8	0.44324324324324327	0.07027027027027027	0.12162162162162163	0.13243243243243244	0.23243243243243245
Q9NRJ3	0.3858267716535433	0.023622047244094488	0.2755905511811024	0.05511811023622047	0.25984251968503935
A1AIF2	0.379746835443038	0.0949367088607595	0.14556962025316456	0.12658227848101267	0.25316455696202533
Q2EG98	0.3407542026351658	0.07723761926397092	0.10268059972739664	0.08314402544298047	0.3961835529304861
B3H5Q2	0.3783783783783784	0.08108108108108109	0.2072072072072072	0.0990990990990991	0.23423423423423423
Q8R456	0.4092827004219409	0.11181434599156118	0.10548523206751055	0.052742616033755275	0.3206751054852321
Q9LK48	0.2991913746630728	0.06199460916442048	0.11859838274932614	0.11859838274932614	0.40161725067385445
P77814	0.375	0.1159090909090909	0.13863636363636364	0.13863636363636364	0.2318181818181818
