Q3KGY4	0.3627906976744186	0.10697674418604651	0.14418604651162792	0.13488372093023257	0.25116279069767444
A9FQM4	0.4713656387665198	0.05947136563876652	0.13215859030837004	0.11674008810572688	0.22026431718061673
B0SGE9	0.3113207547169811	0.10377358490566038	0.15566037735849056	0.14622641509433962	0.2830188679245283
Q2YKX9	0.48283261802575106	0.06652360515021459	0.12124463519313304	0.10836909871244635	0.22103004291845493
A8Z474	0.37755102040816324	0.08775510204081632	0.1489795918367347	0.1469387755102041	0.23877551020408164
P21159	0.35909090909090907	0.1	0.17272727272727273	0.1318181818181818	0.23636363636363636
Q6GID0	0.4323671497584541	0.0821256038647343	0.12318840579710146	0.13526570048309178	0.22705314009661837
Q8XU98	0.48065173116089616	0.06924643584521385	0.1109979633401222	0.09775967413441955	0.24134419551934827
P00369	0.45154185022026433	0.09030837004405286	0.1211453744493392	0.11233480176211454	0.22466960352422907
Q2YSZ4	0.3795918367346939	0.08775510204081632	0.14285714285714285	0.1489795918367347	0.24081632653061225
A9BU40	0.46064814814814814	0.06944444444444445	0.12037037037037036	0.10416666666666667	0.24537037037037038
Q397Y5	0.5535055350553506	0.033210332103321034	0.11808118081180811	0.1070110701107011	0.1881918819188192
C3LUU7	0.4329140461215933	0.06918238993710692	0.12264150943396226	0.1090146750524109	0.2662473794549266
C3LWZ1	0.36018957345971564	0.0995260663507109	0.17061611374407584	0.11848341232227488	0.25118483412322273
C0ZBW7	0.4335378323108384	0.07157464212678936	0.12474437627811862	0.12883435582822086	0.24130879345603273
Q5ZY37	0.3209302325581395	0.11627906976744186	0.15348837209302327	0.13953488372093023	0.26976744186046514
Q8D2L7	0.3101851851851852	0.13425925925925927	0.2361111111111111	0.06944444444444445	0.25
Q72VI8	0.40352697095435686	0.08298755186721991	0.12551867219917012	0.10995850622406639	0.27800829875518673
A6U206	0.37755102040816324	0.08775510204081632	0.1469387755102041	0.1489795918367347	0.23877551020408164
Q19564	0.37425149700598803	0.09880239520958084	0.16766467065868262	0.12275449101796407	0.23652694610778444
P27338	0.4076923076923077	0.09230769230769231	0.14423076923076922	0.11923076923076924	0.23653846153846153
B8GF73	0.5335365853658537	0.039634146341463415	0.10060975609756098	0.125	0.20121951219512196
Q0HEX2	0.44282744282744285	0.07692307692307693	0.11434511434511435	0.10810810810810811	0.2577962577962578
Q65HG1	0.3938144329896907	0.07422680412371134	0.1463917525773196	0.15463917525773196	0.2309278350515464
O28440	0.4788135593220339	0.06779661016949153	0.15677966101694915	0.1440677966101695	0.15254237288135594
Q4K416	0.4587251828631139	0.06478578892371996	0.11494252873563218	0.10658307210031348	0.2549634273772205
Q5NU32	0.40227703984819735	0.10056925996204934	0.1461100569259962	0.11764705882352941	0.2333965844402277
Q8XNE2	0.4054669703872437	0.06605922551252848	0.1548974943052392	0.1548974943052392	0.21867881548974943
B7IF24	0.4	0.08541666666666667	0.15208333333333332	0.12916666666666668	0.23333333333333334
B7VPY4	0.35071090047393366	0.0995260663507109	0.1848341232227488	0.13270142180094788	0.23222748815165878
B7I1Q9	0.42755344418052255	0.0855106888361045	0.11401425178147269	0.1021377672209026	0.27078384798099764
B9IXL8	0.40939597315436244	0.07829977628635347	0.1342281879194631	0.1297539149888143	0.2483221476510067
Q8TZJ2	0.41832669322709165	0.08167330677290836	0.14940239043824702	0.1394422310756972	0.21115537848605578
Q9AJC6	0.45454545454545453	0.05194805194805195	0.15064935064935064	0.13246753246753246	0.21038961038961038
D2KKB4	0.34965034965034963	0.11188811188811189	0.13986013986013987	0.1048951048951049	0.2937062937062937
P0C2D2	0.4426229508196721	0.06557377049180328	0.11475409836065574	0.13114754098360656	0.2459016393442623
Q8CXE0	0.40979955456570155	0.0801781737193764	0.1291759465478842	0.1291759465478842	0.2516703786191537
Q8TS47	0.4797047970479705	0.055350553505535055	0.11070110701107011	0.11070110701107011	0.24354243542435425
B4TGX3	0.4555903866248694	0.06792058516196448	0.12016718913270637	0.11076280041797283	0.24555903866248693
A5UJ82	0.43478260869565216	0.05434782608695652	0.11956521739130435	0.16576086956521738	0.22554347826086957
Q43314	0.44282238442822386	0.0681265206812652	0.1411192214111922	0.12408759124087591	0.22384428223844283
K9N7B7	0.3473895582329317	0.11244979919678715	0.1566265060240964	0.1285140562248996	0.25502008032128515
P55038	0.44087403598971725	0.07069408740359898	0.11568123393316196	0.11696658097686376	0.25578406169665807
A6QH79	0.37755102040816324	0.08775510204081632	0.1489795918367347	0.14489795918367346	0.24081632653061225
A8FZK4	0.4397089397089397	0.07172557172557173	0.11434511434511435	0.11954261954261955	0.25467775467775466
B8DFX9	0.40848214285714285	0.08482142857142858	0.13392857142857142	0.140625	0.23214285714285715
Q9WY56	0.4233409610983982	0.10526315789473684	0.10297482837528604	0.14416475972540047	0.2242562929061785
Q83GV1	0.4142561983471074	0.08367768595041322	0.13119834710743802	0.10537190082644628	0.265495867768595
Q24TH5	0.44170403587443946	0.07847533632286996	0.12780269058295965	0.12556053811659193	0.226457399103139
Q32FD5	0.3486238532110092	0.10091743119266056	0.1834862385321101	0.12844036697247707	0.23853211009174313
O67193	0.40774487471526194	0.0979498861047836	0.14123006833712984	0.14578587699316628	0.2072892938496583
Q8KHS0	0.4439746300211416	0.06976744186046512	0.160676532769556	0.15856236786469344	0.16701902748414377
Q49XX9	0.3821138211382114	0.08130081300813008	0.1565040650406504	0.15447154471544716	0.22560975609756098
A1SUY2	0.3271889400921659	0.11981566820276497	0.15668202764976957	0.11981566820276497	0.2764976958525346
P38032	0.4312617702448211	0.0696798493408663	0.1487758945386064	0.11864406779661017	0.23163841807909605
B1GYV7	0.4108352144469526	0.0835214446952596	0.11738148984198646	0.11286681715575621	0.27539503386004516
Q6GGG3	0.3991130820399113	0.08869179600886919	0.1197339246119734	0.13747228381374724	0.2549889135254989
Q92R32	0.4793233082706767	0.05639097744360902	0.13345864661654136	0.12030075187969924	0.21052631578947367
A8XJ44	0.3799392097264438	0.07598784194528875	0.14893617021276595	0.11854103343465046	0.2765957446808511
Q08397	0.3327526132404181	0.10627177700348432	0.12020905923344948	0.09059233449477352	0.3501742160278746
Q88CB1	0.4470046082949309	0.07603686635944701	0.11981566820276497	0.10599078341013825	0.2511520737327189
B2U826	0.36792452830188677	0.09905660377358491	0.16981132075471697	0.14622641509433962	0.2169811320754717
B9JWI2	0.43186582809224316	0.07232704402515723	0.11425576519916142	0.10796645702306079	0.27358490566037735
S5FMM4	0.45528455284552843	0.07588075880758807	0.15718157181571815	0.13279132791327913	0.17886178861788618
O42890	0.32871536523929473	0.09319899244332494	0.15491183879093198	0.1397984886649874	0.28337531486146095
A7NAH8	0.4461538461538462	0.07032967032967033	0.11868131868131868	0.11208791208791209	0.25274725274725274
P33195	0.45245559038662486	0.06687565308254964	0.11703239289446186	0.11180773249738767	0.25182863113897597
Q63S25	0.4649532710280374	0.07476635514018691	0.12850467289719625	0.102803738317757	0.22897196261682243
Q48LQ7	0.3209302325581395	0.10697674418604651	0.15348837209302327	0.14418604651162792	0.2744186046511628
A1KLV7	0.38839285714285715	0.09375	0.125	0.12946428571428573	0.26339285714285715
P9WN52	0.4867162592986185	0.06482465462274177	0.11052072263549416	0.1126461211477152	0.2252922422954304
Q9K107	0.4262948207171315	0.05179282868525897	0.13346613545816732	0.10358565737051793	0.2848605577689243
Q46DZ8	0.4473684210526316	0.04736842105263158	0.15	0.15263157894736842	0.2026315789473684
Q1CB42	0.44525547445255476	0.06882168925964546	0.11366006256517205	0.10427528675703858	0.26798748696558916
P9WJJ8	0.5351043643263758	0.03984819734345351	0.11764705882352941	0.09867172675521822	0.20872865275142316
B9DNN6	0.39732142857142855	0.08258928571428571	0.11607142857142858	0.15178571428571427	0.25223214285714285
B7JMU9	0.40529531568228105	0.0835030549898167	0.1364562118126273	0.1425661914460285	0.23217922606924643
Q3AET5	0.44144144144144143	0.07657657657657657	0.13288288288288289	0.12837837837837837	0.22072072072072071
A5V9T6	0.5087719298245614	0.05263157894736842	0.1162280701754386	0.10964912280701754	0.21271929824561403
B3PSA1	0.34951456310679613	0.12135922330097088	0.16990291262135923	0.14563106796116504	0.21359223300970873
A3MWK6	0.4655581947743468	0.0831353919239905	0.13539192399049882	0.12589073634204276	0.19002375296912113
A1KRK7	0.4019138755980861	0.09330143540669857	0.1339712918660287	0.11961722488038277	0.2511961722488038
C3MPT5	0.41318681318681316	0.08791208791208792	0.12747252747252746	0.14065934065934066	0.23076923076923078
A3QHI0	0.4397089397089397	0.07588357588357589	0.11642411642411643	0.11746361746361747	0.2505197505197505
A3CV31	0.5182926829268293	0.036585365853658534	0.125	0.14634146341463414	0.17378048780487804
C0PY26	0.4535005224660397	0.06792058516196448	0.12016718913270637	0.11180773249738767	0.24660397074190177
A4JHA1	0.3691588785046729	0.102803738317757	0.1542056074766355	0.14485981308411214	0.22897196261682243
J7H670	0.3546511627906977	0.11434108527131782	0.14534883720930233	0.1298449612403101	0.2558139534883721
Q6G0E0	0.3333333333333333	0.12560386473429952	0.15942028985507245	0.10628019323671498	0.2753623188405797
Q5HNJ6	0.4528301886792453	0.0646900269541779	0.1105121293800539	0.1293800539083558	0.24258760107816713
Q6GGG4	0.3795918367346939	0.08979591836734693	0.14285714285714285	0.1489795918367347	0.23877551020408164
Q7W641	0.4608294930875576	0.07834101382488479	0.12211981566820276	0.0967741935483871	0.24193548387096775
P46882	0.36767676767676766	0.1111111111111111	0.1393939393939394	0.1191919191919192	0.26262626262626265
Q126F5	0.550561797752809	0.033707865168539325	0.11610486891385768	0.0898876404494382	0.20973782771535582
B8E2E7	0.3973509933774834	0.09271523178807947	0.13024282560706402	0.12582781456953643	0.25386313465783666
A7FHL9	0.34101382488479265	0.1152073732718894	0.16589861751152074	0.1336405529953917	0.24423963133640553
A8GIW3	0.5	0.04924242424242424	0.09848484848484848	0.09090909090909091	0.26136363636363635
Q0AMJ2	0.465324384787472	0.06487695749440715	0.10961968680089486	0.12080536912751678	0.23937360178970918
B4SIE4	0.43317972350230416	0.08755760368663594	0.1152073732718894	0.10368663594470046	0.26036866359447003
Q8EIQ6	0.44282744282744285	0.07588357588357589	0.11434511434511435	0.10914760914760915	0.2577962577962578
O46406	0.3674540682414698	0.1194225721784777	0.1062992125984252	0.09711286089238845	0.30971128608923887
Q2FGI7	0.37755102040816324	0.08775510204081632	0.1489795918367347	0.1469387755102041	0.23877551020408164
A2XW22	0.45012165450121655	0.06569343065693431	0.1411192214111922	0.1192214111922141	0.22384428223844283
P0DI88	0.2702702702702703	0.08108108108108109	0.16216216216216217	0.24324324324324326	0.24324324324324326
A0B6K6	0.4447513812154696	0.04419889502762431	0.14917127071823205	0.16298342541436464	0.19889502762430938
Q39DH2	0.34579439252336447	0.102803738317757	0.14953271028037382	0.14953271028037382	0.2523364485981308
Q6N344	0.4575757575757576	0.06868686868686869	0.12222222222222222	0.10606060606060606	0.24545454545454545
C0Q5T4	0.3577981651376147	0.10091743119266056	0.18807339449541285	0.12385321100917432	0.22935779816513763
A7HQY0	0.4732142857142857	0.0625	0.12276785714285714	0.125	0.21651785714285715
B4E9I1	0.3644859813084112	0.102803738317757	0.1542056074766355	0.14018691588785046	0.2383177570093458
Q2FGI6	0.39955357142857145	0.08928571428571429	0.12053571428571429	0.13839285714285715	0.25223214285714285
Q66AQ6	0.4631336405529954	0.07603686635944701	0.11981566820276497	0.10138248847926268	0.23963133640552994
C3JYR1	0.4429175475687104	0.0708245243128964	0.11733615221987315	0.11205073995771671	0.2568710359408034
Q7MU50	0.3177570093457944	0.11682242990654206	0.16822429906542055	0.1308411214953271	0.26635514018691586
B9KBQ2	0.46942800788954636	0.0650887573964497	0.14003944773175542	0.11439842209072978	0.21104536489151873
B0RWG2	0.4428904428904429	0.08158508158508158	0.10256410256410256	0.10256410256410256	0.2703962703962704
A6VK38	0.46441947565543074	0.0449438202247191	0.12734082397003746	0.12734082397003746	0.23595505617977527
P86810	0.40227703984819735	0.09108159392789374	0.14041745730550284	0.1252371916508539	0.2409867172675522
A3KCL7	0.4252199413489736	0.07917888563049853	0.1378299120234604	0.09090909090909091	0.2668621700879765
Q8VUS8	0.35365853658536583	0.12195121951219512	0.036585365853658534	0.13414634146341464	0.35365853658536583
A6UW69	0.4281767955801105	0.06353591160220995	0.13259668508287292	0.19060773480662985	0.1850828729281768
Q9HNZ0	0.4774066797642436	0.04518664047151277	0.11984282907662082	0.17681728880157171	0.1807465618860511
P14920	0.3804034582132565	0.1037463976945245	0.13544668587896252	0.10951008645533142	0.27089337175792505
A4TIA7	0.44525547445255476	0.06882168925964546	0.11366006256517205	0.10427528675703858	0.26798748696558916
B7LQN2	0.3440366972477064	0.10091743119266056	0.17889908256880735	0.12844036697247707	0.24770642201834864
Q60030	0.4426229508196721	0.07650273224043716	0.14754098360655737	0.15300546448087432	0.18032786885245902
B3EH28	0.4717832957110609	0.08126410835214447	0.09029345372460497	0.11060948081264109	0.24604966139954854
B4EXU2	0.43317972350230416	0.08294930875576037	0.12672811059907835	0.10368663594470046	0.2534562211981567
P0DQH9	0.3081395348837209	0.12790697674418605	0.13372093023255813	0.18604651162790697	0.2441860465116279
G3XD12	0.460431654676259	0.05995203836930456	0.12949640287769784	0.11510791366906475	0.23501199040767387
E5Y944	0.5119363395225465	0.0636604774535809	0.11140583554376658	0.09814323607427056	0.21485411140583555
Q1INU0	0.43340857787810383	0.08803611738148984	0.11738148984198646	0.1038374717832957	0.25733634311512416
Q852M0	0.45255474452554745	0.06569343065693431	0.1362530413625304	0.12165450121654502	0.22384428223844283
Q2S544	0.32558139534883723	0.09302325581395349	0.16279069767441862	0.19069767441860466	0.22790697674418606
Q62M91	0.35514018691588783	0.102803738317757	0.14953271028037382	0.14018691588785046	0.2523364485981308
Q8XS03	0.38028169014084506	0.107981220657277	0.1596244131455399	0.13145539906103287	0.22065727699530516
Q5LPG8	0.5672727272727273	0.04363636363636364	0.11636363636363636	0.07636363636363637	0.19636363636363635
Q54KB7	0.4262948207171315	0.07768924302788845	0.13745019920318724	0.11354581673306773	0.2450199203187251
Q5NZ93	0.4763374485596708	0.06584362139917696	0.11316872427983539	0.10596707818930041	0.23868312757201646
Q05756	0.43983402489626555	0.06639004149377593	0.13900414937759337	0.13278008298755187	0.22199170124481327
Q3JQ00	0.4672897196261682	0.07476635514018691	0.12850467289719625	0.10046728971962617	0.22897196261682243
Q1QCL7	0.42487046632124353	0.07875647668393783	0.12020725388601036	0.11917098445595854	0.25699481865284973
Q59118	0.4064327485380117	0.08187134502923976	0.1301169590643275	0.1388888888888889	0.24269005847953215
Q3SMC1	0.4616977225672878	0.07246376811594203	0.12836438923395446	0.10973084886128365	0.2277432712215321
B2U0S0	0.4503657262277952	0.06687565308254964	0.11703239289446186	0.11180773249738767	0.25391849529780564
A6TAW4	0.44675925925925924	0.08101851851851852	0.125	0.10185185185185185	0.24537037037037038
Q0HW76	0.35377358490566035	0.11320754716981132	0.1509433962264151	0.1179245283018868	0.2641509433962264
Q3J846	0.43621399176954734	0.0720164609053498	0.12962962962962962	0.10699588477366255	0.2551440329218107
C3MUU9	0.42829076620825146	0.07465618860510806	0.13555992141453832	0.11984282907662082	0.24165029469548133
Q0TDU9	0.4555903866248694	0.06687565308254964	0.1180773249738767	0.11180773249738767	0.2476489028213166
B0V9I9	0.4790874524714829	0.049429657794676805	0.11026615969581749	0.10646387832699619	0.25475285171102663
A9R9D3	0.4631336405529954	0.07603686635944701	0.11981566820276497	0.10138248847926268	0.23963133640552994
B4TXX3	0.4236111111111111	0.08564814814814815	0.12731481481481483	0.10648148148148148	0.2569444444444444
Q6NAI9	0.330188679245283	0.10849056603773585	0.1650943396226415	0.12264150943396226	0.27358490566037735
Q7WI07	0.4608294930875576	0.08064516129032258	0.12442396313364056	0.0967741935483871	0.23732718894009217
Q8PBK7	0.4574358974358974	0.06153846153846154	0.12512820512820513	0.11076923076923077	0.24512820512820513
C1D0Z0	0.32242990654205606	0.10747663551401869	0.16355140186915887	0.14485981308411214	0.2616822429906542
A0K9Z1	0.3691588785046729	0.102803738317757	0.1542056074766355	0.14018691588785046	0.2336448598130841
Q3JY08	0.46974358974358976	0.06564102564102564	0.11897435897435897	0.10358974358974359	0.24205128205128204
A9MCK4	0.44711538461538464	0.07932692307692307	0.1201923076923077	0.11298076923076923	0.2403846153846154
C3NHN7	0.42829076620825146	0.07465618860510806	0.13555992141453832	0.11984282907662082	0.24165029469548133
C0HJE7	0.3546511627906977	0.1182170542635659	0.15310077519379844	0.12403100775193798	0.25
A4WBF2	0.4236111111111111	0.08333333333333333	0.11805555555555555	0.09953703703703703	0.27546296296296297
Q9Z302	0.3815028901734104	0.10982658959537572	0.14739884393063585	0.09248554913294797	0.26878612716763006
A4J2F9	0.4297520661157025	0.08264462809917356	0.12190082644628099	0.12396694214876033	0.24173553719008264
B4UGZ3	0.4764044943820225	0.06741573033707865	0.12359550561797752	0.09887640449438202	0.23370786516853934
A5U3J9	0.4867162592986185	0.06482465462274177	0.11052072263549416	0.1126461211477152	0.2252922422954304
Q88BB6	0.45496535796766746	0.07159353348729793	0.10623556581986143	0.09237875288683603	0.2748267898383372
A7MR85	0.44618599791013586	0.07001044932079414	0.12330198537095088	0.1180773249738767	0.24242424242424243
Q50425	0.34408602150537637	0.08064516129032258	0.13978494623655913	0.10215053763440861	0.3333333333333333
A6WWA8	0.33004926108374383	0.12807881773399016	0.1625615763546798	0.14285714285714285	0.23645320197044334
Q2NT03	0.3888888888888889	0.10185185185185185	0.18055555555555555	0.1111111111111111	0.2175925925925926
Q9K1H5	0.39952153110047844	0.09330143540669857	0.1339712918660287	0.11483253588516747	0.2583732057416268
Q83D18	0.29081632653061223	0.14795918367346939	0.1836734693877551	0.16326530612244897	0.21428571428571427
B0BU37	0.3444976076555024	0.10047846889952153	0.1674641148325359	0.11961722488038277	0.2679425837320574
Q634V7	0.40939597315436244	0.07829977628635347	0.1342281879194631	0.1297539149888143	0.2483221476510067
Q64UQ7	0.4183350895679663	0.08535300316122234	0.1148577449947313	0.11801896733403583	0.26343519494204426
P19643	0.4096153846153846	0.09230769230769231	0.14615384615384616	0.11153846153846154	0.2403846153846154
Q5X8W5	0.4194214876033058	0.08471074380165289	0.14049586776859505	0.1012396694214876	0.25413223140495866
Q2P021	0.4654471544715447	0.06300813008130081	0.12398373983739837	0.11077235772357724	0.23678861788617886
Q5RE98	0.40576923076923077	0.09230769230769231	0.14423076923076922	0.11923076923076924	0.23846153846153847
Q0DG35	0.42458866544789764	0.06809872029250456	0.13985374771480805	0.12385740402193784	0.24360146252285192
P54387	0.43326039387308535	0.087527352297593	0.11816192560175055	0.11597374179431072	0.24507658643326038
F5L9G2	0.4189189189189189	0.0918918918918919	0.12432432432432433	0.12702702702702703	0.23783783783783785
Q04R37	0.308411214953271	0.12149532710280374	0.16822429906542055	0.16355140186915887	0.2383177570093458
Q58325	0.4794007490636704	0.04868913857677903	0.149812734082397	0.13108614232209737	0.19101123595505617
Q5R9I0	0.3931847968545216	0.11795543905635648	0.11009174311926606	0.09043250327653997	0.28833551769331583
B0KUA9	0.3627906976744186	0.11162790697674418	0.14418604651162792	0.13023255813953488	0.25116279069767444
A5IH19	0.3209302325581395	0.11627906976744186	0.15348837209302327	0.13953488372093023	0.26976744186046514
A1WXY4	0.3681592039800995	0.07960199004975124	0.15920398009950248	0.13930348258706468	0.2537313432835821
A4IZK6	0.4461538461538462	0.07032967032967033	0.12087912087912088	0.11208791208791209	0.25054945054945055
B4F6N6	0.3494132985658409	0.0938722294654498	0.13689700130378096	0.11734028683181226	0.30247718383311606
Q320Z5	0.3486238532110092	0.10091743119266056	0.1834862385321101	0.12844036697247707	0.23853211009174313
Q8RHX3	0.4956521739130435	0.04057971014492753	0.13043478260869565	0.13623188405797101	0.19710144927536233
O09046	0.4111111111111111	0.08095238095238096	0.1523809523809524	0.11904761904761904	0.2365079365079365
Q53560	0.4368131868131868	0.07692307692307693	0.1346153846153846	0.14560439560439561	0.20604395604395603
Q99489	0.39882697947214074	0.08504398826979472	0.1378299120234604	0.093841642228739	0.2844574780058651
B1L993	0.45956607495069035	0.0631163708086785	0.14201183431952663	0.1203155818540434	0.21499013806706113
P0A393	0.45081967213114754	0.07377049180327869	0.13114754098360656	0.14754098360655737	0.19672131147540983
Q9HU99	0.4951923076923077	0.06971153846153846	0.12980769230769232	0.0985576923076923	0.20673076923076922
Q6H3Y7	0.45742092457420924	0.06569343065693431	0.12895377128953772	0.11678832116788321	0.23114355231143552
Q6IWZ0	0.3794392523364486	0.11588785046728972	0.11588785046728972	0.13271028037383178	0.2560747663551402
A7FI92	0.4631336405529954	0.07603686635944701	0.11981566820276497	0.10138248847926268	0.23963133640552994
O85226	0.42857142857142855	0.01904761904761905	0.13333333333333333	0.0761904761904762	0.34285714285714286
Q5H3H2	0.41708542713567837	0.12562814070351758	0.1306532663316583	0.12060301507537688	0.20603015075376885
P21397	0.3946869070208729	0.10246679316888045	0.14800759013282733	0.11954459203036052	0.23529411764705882
B1HSN6	0.45535714285714285	0.07366071428571429	0.12946428571428573	0.12053571428571429	0.22098214285714285
A4JCJ3	0.46261682242990654	0.07710280373831775	0.1191588785046729	0.09345794392523364	0.24766355140186916
Q98AV8	0.5165692007797271	0.037037037037037035	0.12280701754385964	0.09941520467836257	0.22417153996101363
Q0BN71	0.4461538461538462	0.07032967032967033	0.11868131868131868	0.11208791208791209	0.25274725274725274
P15111	0.44966442953020136	0.08277404921700224	0.12527964205816555	0.10961968680089486	0.232662192393736
Q5MBG2	0.4196642685851319	0.07194244604316546	0.09112709832134293	0.19184652278177458	0.22541966426858512
Q8FVU9	0.48390557939914164	0.06759656652360516	0.12017167381974249	0.10836909871244635	0.21995708154506438
O67740	0.3962655601659751	0.0954356846473029	0.18049792531120332	0.14107883817427386	0.18672199170124482
C0RM68	0.4519230769230769	0.07932692307692307	0.1201923076923077	0.11298076923076923	0.23557692307692307
Q96JB6	0.36507936507936506	0.082010582010582	0.14417989417989419	0.10185185185185185	0.30687830687830686
A1BE03	0.4617117117117117	0.08108108108108109	0.09684684684684684	0.12387387387387387	0.23648648648648649
Q924C6	0.3632760898282695	0.07926023778071334	0.1571994715984148	0.10303830911492734	0.29722589167767505
B5FUG6	0.4555903866248694	0.06792058516196448	0.12016718913270637	0.11076280041797283	0.24555903866248693
Q9YC65	0.45454545454545453	0.07894736842105263	0.13157894736842105	0.12679425837320574	0.20813397129186603
A1ULM8	0.4	0.08636363636363636	0.14545454545454545	0.14545454545454545	0.22272727272727272
Q14J40	0.4461538461538462	0.07032967032967033	0.12087912087912088	0.11208791208791209	0.25054945054945055
Q62BI3	0.5571955719557196	0.033210332103321034	0.11439114391143912	0.0996309963099631	0.19557195571955718
B7LF89	0.45245559038662486	0.06687565308254964	0.11703239289446186	0.11180773249738767	0.25182863113897597
A8EV17	0.32547169811320753	0.12735849056603774	0.1509433962264151	0.12264150943396226	0.27358490566037735
P62921	0.48497854077253216	0.06652360515021459	0.12124463519313304	0.10836909871244635	0.21888412017167383
Q2SDP4	0.36792452830188677	0.10377358490566038	0.14150943396226415	0.11320754716981132	0.27358490566037735
Q8Z687	0.42592592592592593	0.08564814814814815	0.12731481481481483	0.10648148148148148	0.25462962962962965
Q9K936	0.41188524590163933	0.0778688524590164	0.13114754098360656	0.13934426229508196	0.23975409836065573
Q0TII6	0.43287037037037035	0.08333333333333333	0.11805555555555555	0.10648148148148148	0.25925925925925924
Q7UCT6	0.43287037037037035	0.08564814814814815	0.11574074074074074	0.10648148148148148	0.25925925925925924
B7LXA3	0.43287037037037035	0.08333333333333333	0.11805555555555555	0.10648148148148148	0.25925925925925924
B5FIF5	0.3577981651376147	0.10091743119266056	0.18807339449541285	0.12385321100917432	0.22935779816513763
A3M394	0.4790874524714829	0.049429657794676805	0.11026615969581749	0.10646387832699619	0.25475285171102663
A0A2U8QPE6	0.3652694610778443	0.1157684630738523	0.15568862275449102	0.11177644710578842	0.25149700598802394
Q97ZI8	0.41098901098901097	0.08791208791208792	0.12747252747252746	0.14065934065934066	0.23296703296703297
P07262	0.40748898678414097	0.0947136563876652	0.11233480176211454	0.11674008810572688	0.2687224669603524
P16636	0.29927007299270075	0.12165450121654502	0.1411192214111922	0.09245742092457421	0.34549878345498786
Q9HII1	0.44110854503464203	0.07390300230946882	0.12702078521939955	0.12471131639722864	0.23325635103926096
P18894	0.39710144927536234	0.10144927536231885	0.13333333333333333	0.09565217391304348	0.27246376811594203
B5AR80	0.3697813121272366	0.11133200795228629	0.1411530815109344	0.1272365805168986	0.2504970178926441
B5YFB8	0.39514348785871967	0.09050772626931568	0.13245033112582782	0.13245033112582782	0.24944812362030905
B4SS67	0.4544502617801047	0.06387434554973823	0.12460732984293194	0.11727748691099477	0.23979057591623038
A7N7P0	0.36018957345971564	0.0995260663507109	0.16587677725118483	0.12322274881516587	0.25118483412322273
P62030	0.4334038054968288	0.08456659619450317	0.15856236786469344	0.12473572938689217	0.19873150105708245
A5GCZ8	0.47737556561085975	0.06787330316742081	0.1085972850678733	0.10407239819004525	0.2420814479638009
A0AIF0	0.4107142857142857	0.08482142857142858	0.12946428571428573	0.140625	0.234375
A7ZZC3	0.43287037037037035	0.08333333333333333	0.11805555555555555	0.10648148148148148	0.25925925925925924
A9WZ23	0.48390557939914164	0.06652360515021459	0.12124463519313304	0.10836909871244635	0.21995708154506438
Q083L3	0.3632075471698113	0.10849056603773585	0.14622641509433962	0.12735849056603774	0.25471698113207547
A9N035	0.3577981651376147	0.10091743119266056	0.18807339449541285	0.12385321100917432	0.22935779816513763
Q6D4N9	0.4316546762589928	0.07673860911270983	0.11510791366906475	0.1079136690647482	0.2685851318944844
B7M9Z2	0.3440366972477064	0.10091743119266056	0.1834862385321101	0.13302752293577982	0.23853211009174313
B7UHV1	0.45454545454545453	0.06687565308254964	0.11703239289446186	0.11180773249738767	0.2497387669801463
B0C079	0.3287671232876712	0.1095890410958904	0.1278538812785388	0.1232876712328767	0.3105022831050228
A6T9Y6	0.3577981651376147	0.10091743119266056	0.1834862385321101	0.12385321100917432	0.23394495412844038
A6U6T5	0.33495145631067963	0.12135922330097088	0.17475728155339806	0.14563106796116504	0.22330097087378642
Q2SY06	0.4649532710280374	0.07476635514018691	0.1261682242990654	0.102803738317757	0.23130841121495327
A4YAD8	0.44282744282744285	0.07484407484407485	0.11434511434511435	0.10914760914760915	0.2588357588357588
Q8PXE8	0.4473684210526316	0.04473684210526316	0.14473684210526316	0.15789473684210525	0.20526315789473684
A0K5P0	0.4672897196261682	0.07476635514018691	0.11682242990654206	0.0911214953271028	0.25
B7LSJ5	0.43287037037037035	0.08564814814814815	0.12037037037037036	0.10648148148148148	0.25462962962962965
P36633	0.3445040214477212	0.13136729222520108	0.13270777479892762	0.10187667560321716	0.289544235924933
Q9HZE0	0.4222222222222222	0.08765432098765433	0.14506172839506173	0.1388888888888889	0.20617283950617285
B2FQE7	0.45759162303664924	0.06387434554973823	0.12356020942408377	0.1162303664921466	0.2387434554973822
Q6PLK3	0.41346153846153844	0.08461538461538462	0.14615384615384616	0.11346153846153846	0.2423076923076923
B2SDA2	0.4519230769230769	0.07932692307692307	0.1201923076923077	0.11298076923076923	0.23557692307692307
P00366	0.40860215053763443	0.08781362007168458	0.14695340501792115	0.12007168458781362	0.23655913978494625
A9A235	0.4164305949008499	0.056657223796033995	0.17847025495750707	0.11614730878186968	0.23229461756373937
P65500	0.5351043643263758	0.03984819734345351	0.11764705882352941	0.09867172675521822	0.20872865275142316
Q1IDT9	0.3674418604651163	0.10697674418604651	0.16279069767441862	0.13953488372093023	0.22325581395348837
A9I847	0.34285714285714286	0.11428571428571428	0.14285714285714285	0.12857142857142856	0.2714285714285714
Q8RCW2	0.422680412371134	0.07835051546391752	0.1463917525773196	0.15051546391752577	0.2020618556701031
Q88P65	0.4616193480546793	0.0683491062039958	0.11461619348054679	0.10725552050473186	0.24815983175604628
O93364	0.3546511627906977	0.11627906976744186	0.14728682170542637	0.1298449612403101	0.25193798449612403
P00368	0.40681362725450904	0.08617234468937876	0.15831663326653306	0.11823647294589178	0.23046092184368738
B9JAN3	0.33980582524271846	0.12135922330097088	0.17475728155339806	0.14563106796116504	0.21844660194174756
Q07YC9	0.43555093555093555	0.07588357588357589	0.11330561330561331	0.1101871101871102	0.26507276507276506
P46883	0.39233817701453105	0.09247027741083223	0.12945838837516513	0.12813738441215325	0.2575957727873184
Q6G931	0.37755102040816324	0.08775510204081632	0.1489795918367347	0.1469387755102041	0.23877551020408164
P58739	0.45933014354066987	0.07894736842105263	0.11722488038277512	0.1076555023923445	0.23684210526315788
P23307	0.41732283464566927	0.07874015748031496	0.12598425196850394	0.12073490813648294	0.2572178477690289
Q8DLZ5	0.38388625592417064	0.10900473933649289	0.16113744075829384	0.14218009478672985	0.2037914691943128
Q31ZN0	0.43287037037037035	0.08564814814814815	0.11574074074074074	0.10648148148148148	0.25925925925925924
B5ZQP8	0.4381551362683438	0.07127882599580712	0.12683438155136267	0.11530398322851153	0.24842767295597484
Q7UKQ9	0.30493273542600896	0.1031390134529148	0.13452914798206278	0.13452914798206278	0.32286995515695066
Q12LW9	0.3584905660377358	0.10849056603773585	0.16037735849056603	0.12264150943396226	0.25
Q5E9K3	0.32950191570881227	0.11877394636015326	0.1685823754789272	0.13409961685823754	0.24904214559386972
P0DO00	0.3474320241691843	0.1148036253776435	0.13444108761329304	0.1148036253776435	0.28851963746223563
Q4JHE3	0.36363636363636365	0.11798839458413926	0.16054158607350097	0.11798839458413926	0.23984526112185686
B2IGK3	0.4720357941834452	0.05592841163310962	0.116331096196868	0.116331096196868	0.23937360178970918
Q7P203	0.39906103286384975	0.10328638497652583	0.1267605633802817	0.11267605633802817	0.25821596244131456
Q6WP39	0.3546511627906977	0.10852713178294573	0.15310077519379844	0.1434108527131783	0.24031007751937986
P84888	0.4076923076923077	0.08461538461538462	0.13846153846153847	0.11538461538461539	0.25384615384615383
A7X2R9	0.37755102040816324	0.08775510204081632	0.1469387755102041	0.1489795918367347	0.23877551020408164
B2HVA8	0.4790874524714829	0.049429657794676805	0.11026615969581749	0.10646387832699619	0.25475285171102663
C0ZBW6	0.4577777777777778	0.07777777777777778	0.10888888888888888	0.11333333333333333	0.24222222222222223
A0AIF1	0.39959016393442626	0.0860655737704918	0.13319672131147542	0.13319672131147542	0.24795081967213115
Q4L6N5	0.38414634146341464	0.08536585365853659	0.1443089430894309	0.15853658536585366	0.22764227642276422
A5EMM2	0.4587251828631139	0.06583072100313479	0.12748171368861025	0.109717868338558	0.23824451410658307
Q31IR4	0.28703703703703703	0.11574074074074074	0.1574074074074074	0.125	0.3148148148148148
Q3AUM0	0.46868475991649267	0.06784968684759916	0.11586638830897704	0.10855949895615867	0.23903966597077245
F2JXJ3	0.33884297520661155	0.11019283746556474	0.09504132231404959	0.1322314049586777	0.3236914600550964
Q3BNX3	0.4568764568764569	0.08158508158508158	0.10023310023310024	0.10256410256410256	0.25874125874125875
P58027	0.3889943074003795	0.10056925996204934	0.1555977229601518	0.127134724857685	0.22770398481973433
A1W7K9	0.3640552995391705	0.10138248847926268	0.16129032258064516	0.12442396313364056	0.2488479262672811
A8GIR9	0.4494264859228363	0.0667361835245047	0.11783107403545359	0.10740354535974973	0.2586027111574557
A8FF40	0.42857142857142855	0.07366071428571429	0.13839285714285715	0.12946428571428573	0.22991071428571427
Q055P8	0.4004149377593361	0.07780082987551867	0.13174273858921162	0.11410788381742738	0.27593360995850624
P80324	0.4076086956521739	0.07336956521739131	0.14130434782608695	0.10869565217391304	0.26902173913043476
B2UNH4	0.4430379746835443	0.06645569620253164	0.12025316455696203	0.11392405063291139	0.2563291139240506
C0RLN1	0.48390557939914164	0.06652360515021459	0.12124463519313304	0.10836909871244635	0.21995708154506438
Q39IE1	0.4672897196261682	0.07710280373831775	0.11682242990654206	0.0911214953271028	0.24766355140186916
B4EAP1	0.4649532710280374	0.07710280373831775	0.11682242990654206	0.0911214953271028	0.25
Q8XQG4	0.46455223880597013	0.05970149253731343	0.12313432835820895	0.11194029850746269	0.24067164179104478
Q8CMM1	0.3665338645418327	0.08764940239043825	0.1454183266932271	0.14940239043824702	0.250996015936255
Q1QXY5	0.431980906921241	0.07637231503579953	0.14558472553699284	0.11694510739856802	0.22911694510739858
A1VE02	0.45598194130925507	0.0744920993227991	0.11060948081264109	0.11060948081264109	0.24830699774266365
P28997	0.4323040380047506	0.09738717339667459	0.12114014251781473	0.14251781472684086	0.20665083135391923
Q3J3Y3	0.405	0.11	0.145	0.125	0.215
Q7VX83	0.5543071161048689	0.033707865168539325	0.11235955056179775	0.09737827715355805	0.20224719101123595
A1VRL0	0.3813953488372093	0.10232558139534884	0.14418604651162792	0.11627906976744186	0.2558139534883721
A5FWR6	0.3443396226415094	0.09905660377358491	0.1650943396226415	0.14622641509433962	0.24528301886792453
B9JI94	0.47596153846153844	0.0673076923076923	0.12259615384615384	0.0985576923076923	0.23557692307692307
Q9I137	0.45255474452554745	0.0667361835245047	0.1261730969760167	0.11991657977059438	0.2346193952033368
A5CX08	0.33490566037735847	0.1320754716981132	0.14622641509433962	0.09433962264150944	0.29245283018867924
Q83B08	0.4551569506726457	0.07174887892376682	0.10538116591928251	0.10538116591928251	0.2623318385650224
C4ZTN0	0.43287037037037035	0.08333333333333333	0.11805555555555555	0.10648148148148148	0.25925925925925924
Q69RJ0	0.43653250773993807	0.06687306501547988	0.1238390092879257	0.11269349845201239	0.26006191950464397
B5EAW7	0.4651685393258427	0.07191011235955057	0.10561797752808989	0.1146067415730337	0.24269662921348314
C5D4A1	0.41964285714285715	0.08258928571428571	0.14285714285714285	0.12946428571428573	0.22544642857142858
Q2YMD1	0.32211538461538464	0.125	0.16346153846153846	0.14423076923076922	0.24519230769230768
Q8KY18	0.48517520215633425	0.05929919137466307	0.1105121293800539	0.1105121293800539	0.23450134770889489
Q8NWC9	0.39955357142857145	0.08928571428571429	0.12053571428571429	0.13839285714285715	0.25223214285714285
C6DGU9	0.4292565947242206	0.07673860911270983	0.1223021582733813	0.11270983213429256	0.2589928057553957
A9M007	0.36666666666666664	0.1	0.17142857142857143	0.14761904761904762	0.21428571428571427
O28608	0.45962732919254656	0.06832298136645963	0.12732919254658384	0.14285714285714285	0.20186335403726707
A8FWJ0	0.3474178403755869	0.107981220657277	0.15492957746478872	0.1267605633802817	0.26291079812206575
Q7WQR6	0.5736434108527132	0.03875968992248062	0.10852713178294573	0.08139534883720931	0.19767441860465115
B8IJ86	0.47980997624703087	0.07600950118764846	0.13539192399049882	0.1021377672209026	0.20665083135391923
Q94B78	0.4146576663452266	0.0742526518804243	0.12825458052073288	0.10028929604628736	0.28254580520732886
Q3BQS3	0.4020100502512563	0.12562814070351758	0.135678391959799	0.12562814070351758	0.21105527638190955
Q8YXG5	0.3177570093457944	0.11682242990654206	0.13551401869158877	0.14953271028037382	0.2803738317757009
P9WQB0	0.5040431266846361	0.05660377358490566	0.1078167115902965	0.09973045822102426	0.23180592991913745
C6DYX1	0.4651685393258427	0.07415730337078652	0.10337078651685393	0.1101123595505618	0.24719101123595505
Q2KVR0	0.3523809523809524	0.11904761904761904	0.14285714285714285	0.12857142857142856	0.2571428571428571
A6WM67	0.3584905660377358	0.11320754716981132	0.15566037735849056	0.12735849056603774	0.24528301886792453
P28724	0.41648106904231624	0.0935412026726058	0.1403118040089087	0.12026726057906459	0.22939866369710468
B2IX27	0.3177570093457944	0.11682242990654206	0.14018691588785046	0.1588785046728972	0.26635514018691586
B7LPB7	0.45245559038662486	0.06687565308254964	0.11703239289446186	0.11180773249738767	0.25182863113897597
A1RKK6	0.3584905660377358	0.11320754716981132	0.1509433962264151	0.11320754716981132	0.2641509433962264
Q9HGU3	0.45154185022026433	0.09030837004405286	0.1211453744493392	0.11233480176211454	0.22466960352422907
Q9AK84	0.4724245577523413	0.062434963579604576	0.12070759625390219	0.12382934443288242	0.2206035379812695
Q0T5L2	0.43287037037037035	0.08564814814814815	0.11574074074074074	0.10648148148148148	0.25925925925925924
A1B0C6	0.41818181818181815	0.09545454545454546	0.1409090909090909	0.12272727272727273	0.22272727272727272
Q18DY6	0.40100250626566414	0.05012531328320802	0.10025062656641603	0.20551378446115287	0.24310776942355888
Q31E41	0.3145539906103286	0.11737089201877934	0.15023474178403756	0.11267605633802817	0.3051643192488263
A9KC19	0.4551569506726457	0.07174887892376682	0.10538116591928251	0.10538116591928251	0.2623318385650224
A9VH10	0.40529531568228105	0.0835030549898167	0.1364562118126273	0.1446028513238289	0.23014256619144602
A9ACU3	0.4676923076923077	0.06666666666666667	0.11794871794871795	0.10153846153846154	0.24615384615384617
B7L5J1	0.3486238532110092	0.10091743119266056	0.1834862385321101	0.12844036697247707	0.23853211009174313
Q20939	0.3230088495575221	0.11504424778761062	0.1415929203539823	0.12831858407079647	0.2920353982300885
Q53872	0.4776536312849162	0.055865921787709494	0.12849162011173185	0.13966480446927373	0.19832402234636873
Q8PN59	0.4616171954964176	0.06141248720573183	0.12487205731832139	0.10951893551688843	0.24257932446264074
Q8A8M0	0.40990516332982085	0.08640674394099052	0.11907270811380401	0.12012644889357219	0.2644889357218124
Q48ME3	0.4308176100628931	0.07023060796645703	0.11844863731656184	0.11320754716981132	0.2672955974842767
Q2KYL7	0.4680628272251309	0.06282722513089005	0.11832460732984293	0.10890052356020942	0.2418848167539267
A9WVT6	0.4519230769230769	0.07932692307692307	0.1201923076923077	0.11298076923076923	0.23557692307692307
Q8CNW8	0.4528301886792453	0.0646900269541779	0.1105121293800539	0.1293800539083558	0.24258760107816713
Q49XY0	0.39111111111111113	0.08666666666666667	0.11333333333333333	0.14222222222222222	0.26666666666666666
A1AW86	0.3113207547169811	0.1320754716981132	0.1509433962264151	0.09905660377358491	0.30660377358490565
Q8KC05	0.46846846846846846	0.07207207207207207	0.10135135135135136	0.12837837837837837	0.22972972972972974
B4F0N7	0.4384133611691023	0.06993736951983298	0.11691022964509394	0.11586638830897704	0.2588726513569937
P41755	0.3951081843838194	0.10348071495766697	0.1147695202257761	0.1006585136406397	0.28598306679209784
Q4FN05	0.2980769230769231	0.10576923076923077	0.15865384615384615	0.125	0.3125
P54385	0.400355871886121	0.08362989323843416	0.15658362989323843	0.11921708185053381	0.2402135231316726
Q13UP6	0.323943661971831	0.11267605633802817	0.15023474178403756	0.13615023474178403	0.27699530516431925
O85228	0.43884892086330934	0.07194244604316546	0.1223021582733813	0.11031175059952038	0.2565947242206235
Q0BYP2	0.48769574944071586	0.05592841163310962	0.10961968680089486	0.11409395973154363	0.232662192393736
