Q3KGY4	0.11162790697674418	0.009302325581395349	0.05116279069767442	0.08372093023255814	0.05116279069767442	0.06511627906976744	0.027906976744186046	0.018604651162790697	0.023255813953488372	0.09767441860465116	0.018604651162790697	0.023255813953488372	0.06046511627906977	0.06046511627906977	0.09302325581395349	0.03255813953488372	0.06511627906976744	0.05116279069767442	0.027906976744186046	0.027906976744186046
A9FQM4	0.1145374449339207	0.015418502202643172	0.04185022026431718	0.07488986784140969	0.02643171806167401	0.09691629955947137	0.02643171806167401	0.039647577092511016	0.028634361233480177	0.11894273127753303	0.024229074889867842	0.015418502202643172	0.048458149779735685	0.03303964757709251	0.07709251101321586	0.046255506607929514	0.06167400881057269	0.07709251101321586	0	0.03303964757709251
B0SGE9	0.04245283018867924	0	0.02358490566037736	0.12264150943396226	0.05660377358490566	0.05660377358490566	0.014150943396226415	0.05188679245283019	0.0660377358490566	0.08018867924528301	0.02358490566037736	0.05660377358490566	0.04716981132075472	0.0330188679245283	0.07547169811320754	0.09433962264150944	0.05188679245283019	0.05660377358490566	0.02830188679245283	0.018867924528301886
Q2YKX9	0.15343347639484978	0.015021459227467811	0.0536480686695279	0.05472103004291846	0.028969957081545063	0.0890557939914163	0.03540772532188841	0.05686695278969957	0.034334763948497854	0.0815450643776824	0.028969957081545063	0.028969957081545063	0.05793991416309013	0.022532188841201718	0.05150214592274678	0.03969957081545064	0.05686695278969957	0.07296137339055794	0.012875536480686695	0.02467811158798283
A8Z474	0.0673469387755102	0.004081632653061225	0.05918367346938776	0.08775510204081632	0.044897959183673466	0.07755102040816327	0.02857142857142857	0.06326530612244897	0.07959183673469387	0.07959183673469387	0.026530612244897958	0.05714285714285714	0.053061224489795916	0.0163265306122449	0.04081632653061224	0.05510204081632653	0.053061224489795916	0.06326530612244897	0.0020408163265306124	0.04081632653061224
P21159	0.11363636363636363	0.013636363636363636	0.05454545454545454	0.07727272727272727	0.045454545454545456	0.05	0.03636363636363636	0.01818181818181818	0.022727272727272728	0.05909090909090909	0.022727272727272728	0.013636363636363636	0.07272727272727272	0.05454545454545454	0.11363636363636363	0.04090909090909091	0.04090909090909091	0.09545454545454546	0.022727272727272728	0.031818181818181815
Q6GID0	0.08454106280193237	0.007246376811594203	0.06521739130434782	0.07004830917874397	0.036231884057971016	0.09178743961352658	0.016908212560386472	0.07729468599033816	0.050724637681159424	0.07729468599033816	0.028985507246376812	0.04830917874396135	0.03864734299516908	0.03140096618357488	0.05555555555555555	0.04830917874396135	0.05314009661835749	0.07246376811594203	0.012077294685990338	0.033816425120772944
Q8XU98	0.15478615071283094	0.010183299389002037	0.048879837067209775	0.048879837067209775	0.03054989816700611	0.08757637474541752	0.038696537678207736	0.04480651731160896	0.018329938900203666	0.08859470468431772	0.03360488798370672	0.029531568228105907	0.06008146639511202	0.04073319755600815	0.0539714867617108	0.04480651731160896	0.0560081466395112	0.07128309572301425	0.007128309572301426	0.031568228105906315
P00369	0.1145374449339207	0.013215859030837005	0.03303964757709251	0.07929515418502203	0.039647577092511016	0.11894273127753303	0.019823788546255508	0.039647577092511016	0.06387665198237885	0.08370044052863436	0.022026431718061675	0.05066079295154185	0.028634361233480177	0.03303964757709251	0.037444933920704845	0.06387665198237885	0.03524229074889868	0.07268722466960352	0.01762114537444934	0.03303964757709251
Q2YSZ4	0.0653061224489796	0.004081632653061225	0.05918367346938776	0.08979591836734693	0.044897959183673466	0.07755102040816327	0.02857142857142857	0.0653061224489796	0.07346938775510205	0.07959183673469387	0.026530612244897958	0.05714285714285714	0.053061224489795916	0.0163265306122449	0.04081632653061224	0.05510204081632653	0.05510204081632653	0.0653061224489796	0.0020408163265306124	0.04081632653061224
A9BU40	0.1087962962962963	0.011574074074074073	0.05787037037037037	0.046296296296296294	0.027777777777777776	0.10185185185185185	0.011574074074074073	0.027777777777777776	0.016203703703703703	0.125	0.023148148148148147	0.02546296296296296	0.05324074074074074	0.041666666666666664	0.09259259259259259	0.046296296296296294	0.06712962962962964	0.07407407407407407	0.011574074074074073	0.03009259259259259
Q397Y5	0.1881918819188192	0.01845018450184502	0.05904059040590406	0.04797047970479705	0.014760147601476014	0.09225092250922509	0.033210332103321034	0.04428044280442804	0.025830258302583026	0.11070110701107011	0.01845018450184502	0.02214022140221402	0.04428044280442804	0.014760147601476014	0.05904059040590406	0.05166051660516605	0.03690036900369004	0.0996309963099631	0.0036900369003690036	0.014760147601476014
C3LUU7	0.12368972746331237	0.014675052410901468	0.04821802935010482	0.06079664570230608	0.03249475890985325	0.07127882599580712	0.03773584905660377	0.05450733752620545	0.041928721174004195	0.0870020964360587	0.03668763102725367	0.041928721174004195	0.049266247379454925	0.04507337526205451	0.0429769392033543	0.05345911949685535	0.06184486373165619	0.059748427672955975	0.006289308176100629	0.03039832285115304
C3LWZ1	0.07582938388625593	0	0.061611374407582936	0.05687203791469194	0.04739336492890995	0.061611374407582936	0.04739336492890995	0.061611374407582936	0.04739336492890995	0.09004739336492891	0.023696682464454975	0.04739336492890995	0.04739336492890995	0.061611374407582936	0.07582938388625593	0.061611374407582936	0.03317535545023697	0.04739336492890995	0.023696682464454975	0.02843601895734597
C0ZBW7	0.09406952965235174	0.0081799591002045	0.04703476482617587	0.081799591002045	0.028629856850715747	0.08588957055214724	0.03067484662576687	0.049079754601226995	0.0408997955010225	0.10020449897750511	0.028629856850715747	0.0408997955010225	0.06748466257668712	0.03067484662576687	0.053169734151329244	0.032719836400818	0.06134969325153374	0.07566462167689161	0.00408997955010225	0.03885480572597137
Q5ZY37	0.05581395348837209	0	0.06511627906976744	0.07441860465116279	0.04186046511627907	0.046511627906976744	0.023255813953488372	0.06046511627906977	0.05116279069767442	0.08372093023255814	0.023255813953488372	0.05116279069767442	0.05116279069767442	0.06511627906976744	0.07906976744186046	0.08372093023255814	0.018604651162790697	0.05116279069767442	0.023255813953488372	0.05116279069767442
Q8D2L7	0.027777777777777776	0	0.05092592592592592	0.018518518518518517	0.05555555555555555	0.027777777777777776	0.018518518518518517	0.10185185185185185	0.16666666666666666	0.09259259259259259	0.023148148148148147	0.06944444444444445	0.032407407407407406	0.046296296296296294	0.05092592592592592	0.08333333333333333	0.018518518518518517	0.037037037037037035	0.027777777777777776	0.05092592592592592
Q72VI8	0.07676348547717843	0.015560165975103735	0.04564315352697095	0.06431535269709543	0.03941908713692946	0.07676348547717843	0.03008298755186722	0.06950207468879668	0.05705394190871369	0.09647302904564316	0.02074688796680498	0.0487551867219917	0.0487551867219917	0.035269709543568464	0.038381742738589214	0.06846473029045644	0.061203319502074686	0.06327800829875518	0.008298755186721992	0.035269709543568464
A6U206	0.0673469387755102	0.004081632653061225	0.05918367346938776	0.08979591836734693	0.044897959183673466	0.07755102040816327	0.02857142857142857	0.06326530612244897	0.07755102040816327	0.07959183673469387	0.026530612244897958	0.05714285714285714	0.053061224489795916	0.0163265306122449	0.04081632653061224	0.05510204081632653	0.053061224489795916	0.06326530612244897	0.0020408163265306124	0.04081632653061224
Q19564	0.0718562874251497	0.014970059880239521	0.06287425149700598	0.059880239520958084	0.03592814371257485	0.08083832335329341	0.038922155688622756	0.07784431137724551	0.07784431137724551	0.0748502994011976	0.008982035928143712	0.038922155688622756	0.038922155688622756	0.029940119760479042	0.05089820359281437	0.05688622754491018	0.05688622754491018	0.059880239520958084	0.014970059880239521	0.04790419161676647
P27338	0.06538461538461539	0.01730769230769231	0.038461538461538464	0.08076923076923077	0.026923076923076925	0.08076923076923077	0.025	0.05384615384615385	0.05961538461538462	0.1	0.03076923076923077	0.032692307692307694	0.05576923076923077	0.025	0.05961538461538462	0.038461538461538464	0.0673076923076923	0.07692307692307693	0.021153846153846155	0.04423076923076923
B8GF73	0.11890243902439024	0.018292682926829267	0.06097560975609756	0.06402439024390244	0.018292682926829267	0.0975609756097561	0.009146341463414634	0.051829268292682924	0.04573170731707317	0.10365853658536585	0.021341463414634148	0.027439024390243903	0.036585365853658534	0.024390243902439025	0.04573170731707317	0.03048780487804878	0.06402439024390244	0.1402439024390244	0.009146341463414634	0.012195121951219513
Q0HEX2	0.11434511434511435	0.013513513513513514	0.05405405405405406	0.05405405405405406	0.04054054054054054	0.07692307692307693	0.028066528066528068	0.060291060291060294	0.038461538461538464	0.08523908523908524	0.032224532224532226	0.04781704781704782	0.0446985446985447	0.04365904365904366	0.04781704781704782	0.061330561330561334	0.04677754677754678	0.07380457380457381	0.007276507276507277	0.029106029106029108
Q65HG1	0.07010309278350516	0.004123711340206186	0.06804123711340206	0.0865979381443299	0.032989690721649485	0.07835051546391752	0.03711340206185567	0.049484536082474224	0.05979381443298969	0.088659793814433	0.030927835051546393	0.041237113402061855	0.06391752577319587	0.016494845360824743	0.049484536082474224	0.041237113402061855	0.06391752577319587	0.07628865979381444	0.002061855670103093	0.03917525773195876
O28440	0.1059322033898305	0.00423728813559322	0.0423728813559322	0.1016949152542373	0.0423728813559322	0.0847457627118644	0.00847457627118644	0.08050847457627118	0.059322033898305086	0.09322033898305085	0.0211864406779661	0.03389830508474576	0.012711864406779662	0.0211864406779661	0.08898305084745763	0.05084745762711865	0.029661016949152543	0.09322033898305085	0.00847457627118644	0.01694915254237288
Q4K416	0.12121212121212122	0.017763845350052248	0.04493207941483804	0.06165099268547544	0.02821316614420063	0.08568443051201671	0.035527690700104496	0.050156739811912224	0.018808777429467086	0.11598746081504702	0.02612330198537095	0.035527690700104496	0.05747126436781609	0.04597701149425287	0.06060606060606061	0.055381400208986416	0.042842215256008356	0.05956112852664577	0.009404388714733543	0.027168234064785787
Q5NU32	0.07590132827324478	0.015180265654648957	0.03795066413662239	0.07969639468690702	0.03225806451612903	0.0777988614800759	0.022770398481973434	0.0683111954459203	0.07210626185958255	0.0777988614800759	0.030360531309297913	0.036053130929791274	0.04743833017077799	0.03225806451612903	0.051233396584440226	0.05313092979127135	0.04933586337760911	0.07210626185958255	0.024667931688804556	0.04364326375711575
Q8XNE2	0.04783599088838269	0.022779043280182234	0.06150341685649203	0.09339407744874716	0.0387243735763098	0.07972665148063782	0.015945330296127564	0.10022779043280182	0.08428246013667426	0.09567198177676538	0.018223234624145785	0.07289293849658314	0.01366742596810934	0.01366742596810934	0.05466970387243736	0.0683371298405467	0.02733485193621868	0.06378132118451026	0	0.02733485193621868
B7IF24	0.06041666666666667	0.008333333333333333	0.058333333333333334	0.07083333333333333	0.04375	0.07291666666666667	0.03125	0.06666666666666667	0.08125	0.09166666666666666	0.03958333333333333	0.04791666666666667	0.058333333333333334	0.0125	0.03958333333333333	0.05	0.05625	0.06875	0	0.041666666666666664
B7VPY4	0.07582938388625593	0	0.05687203791469194	0.07582938388625593	0.05687203791469194	0.061611374407582936	0.03317535545023697	0.05687203791469194	0.07109004739336493	0.0947867298578199	0.018957345971563982	0.02843601895734597	0.04265402843601896	0.052132701421800945	0.08056872037914692	0.06635071090047394	0.04265402843601896	0.04265402843601896	0.023696682464454975	0.018957345971563982
B7I1Q9	0.08788598574821853	0.011876484560570071	0.052256532066508314	0.0498812351543943	0.03800475059382423	0.09026128266033254	0.019002375296912115	0.0498812351543943	0.04275534441805225	0.1021377672209026	0.030878859857482184	0.047505938242280284	0.04513064133016627	0.057007125890736345	0.052256532066508314	0.05463182897862233	0.05463182897862233	0.0665083135391924	0.014251781472684086	0.0332541567695962
B9IXL8	0.09172259507829977	0.011185682326621925	0.05592841163310962	0.0738255033557047	0.04697986577181208	0.07158836689038031	0.026845637583892617	0.058165548098434	0.07158836689038031	0.08053691275167785	0.029082774049217	0.03355704697986577	0.03803131991051454	0.05592841163310962	0.035794183445190156	0.053691275167785234	0.05592841163310962	0.07829977628635347	0	0.03131991051454139
Q8TZJ2	0.07370517928286853	0.00199203187250996	0.045816733067729085	0.09362549800796813	0.025896414342629483	0.08167330677290836	0.025896414342629483	0.06573705179282868	0.0796812749003984	0.09760956175298804	0.029880478087649404	0.04183266932270916	0.06374501992031872	0.013944223107569721	0.043824701195219126	0.0398406374501992	0.049800796812749	0.0697211155378486	0.00796812749003984	0.04780876494023904
Q9AJC6	0.07532467532467532	0.005194805194805195	0.06233766233766234	0.07012987012987013	0.02077922077922078	0.08311688311688312	0.03116883116883117	0.05194805194805195	0.05974025974025974	0.11168831168831168	0.01818181818181818	0.023376623376623377	0.04415584415584416	0.033766233766233764	0.05974025974025974	0.04415584415584416	0.05974025974025974	0.11428571428571428	0	0.03116883116883117
D2KKB4	0.06993006993006994	0	0.0979020979020979	0.006993006993006993	0.055944055944055944	0.04195804195804196	0.027972027972027972	0.04195804195804196	0.09090909090909091	0.1048951048951049	0.027972027972027972	0.07692307692307693	0.08391608391608392	0.006993006993006993	0.02097902097902098	0.04895104895104895	0.07692307692307693	0.06293706293706294	0.013986013986013986	0.04195804195804196
P0C2D2	0.11475409836065574	0.01639344262295082	0.04918032786885246	0.08196721311475409	0.03278688524590164	0.09836065573770492	0.03278688524590164	0.03278688524590164	0.03278688524590164	0.08196721311475409	0.01639344262295082	0.06557377049180328	0.03278688524590164	0.03278688524590164	0.04918032786885246	0.04918032786885246	0.04918032786885246	0.09836065573770492	0	0.03278688524590164
Q8CXE0	0.0779510022271715	0.004454342984409799	0.051224944320712694	0.0779510022271715	0.0400890868596882	0.07349665924276169	0.024498886414253896	0.066815144766147	0.066815144766147	0.08908685968819599	0.026726057906458798	0.0334075723830735	0.0378619153674833	0.04899777282850779	0.0378619153674833	0.066815144766147	0.060133630289532294	0.0757238307349666	0	0.0400890868596882
Q8TS47	0.11070110701107011	0.02214022140221402	0.02952029520295203	0.08118081180811808	0.03690036900369004	0.08856088560885608	0.01107011070110701	0.07749077490774908	0.06642066420664207	0.1033210332103321	0.014760147601476014	0.033210332103321034	0.04797047970479705	0.014760147601476014	0.033210332103321034	0.08487084870848709	0.04059040590405904	0.08487084870848709	0	0.01845018450184502
B4TGX3	0.12225705329153605	0.013584117032392894	0.05329153605015674	0.05747126436781609	0.030303030303030304	0.07523510971786834	0.035527690700104496	0.05747126436781609	0.035527690700104496	0.09195402298850575	0.035527690700104496	0.03761755485893417	0.04806687565308255	0.047021943573667714	0.04911180773249739	0.051201671891327065	0.04806687565308255	0.07314524555903866	0.0073145245559038665	0.030303030303030304
A5UJ82	0.08152173913043478	0.005434782608695652	0.08695652173913043	0.07880434782608696	0.01358695652173913	0.06521739130434782	0.010869565217391304	0.09510869565217392	0.07608695652173914	0.08423913043478261	0.016304347826086956	0.04619565217391304	0.02717391304347826	0.029891304347826088	0.03260869565217391	0.059782608695652176	0.057065217391304345	0.09239130434782608	0.005434782608695652	0.035326086956521736
Q43314	0.08759124087591241	0.012165450121654502	0.0681265206812652	0.05596107055961071	0.0364963503649635	0.1070559610705596	0.024330900243309004	0.07785888077858881	0.07542579075425791	0.08029197080291971	0.024330900243309004	0.0413625304136253	0.046228710462287104	0.021897810218978103	0.0413625304136253	0.046228710462287104	0.05596107055961071	0.06569343065693431	0.014598540145985401	0.0170316301703163
K9N7B7	0.06827309236947791	0.014056224899598393	0.05823293172690763	0.07028112449799197	0.050200803212851405	0.06626506024096386	0.024096385542168676	0.06626506024096386	0.06827309236947791	0.06827309236947791	0.01606425702811245	0.04819277108433735	0.04216867469879518	0.0321285140562249	0.0642570281124498	0.060240963855421686	0.05823293172690763	0.06224899598393574	0.010040160642570281	0.05220883534136546
P55038	0.09125964010282776	0.012853470437017995	0.05141388174807198	0.06555269922879177	0.028277634961439587	0.09447300771208227	0.02313624678663239	0.05334190231362468	0.04627249357326478	0.10475578406169665	0.02442159383033419	0.04820051413881748	0.04820051413881748	0.043059125964010285	0.04627249357326478	0.05462724935732648	0.04884318766066838	0.07262210796915167	0.010282776349614395	0.032133676092544985
A6QH79	0.0673469387755102	0.004081632653061225	0.05714285714285714	0.08775510204081632	0.044897959183673466	0.07755102040816327	0.02857142857142857	0.06326530612244897	0.07959183673469387	0.07959183673469387	0.026530612244897958	0.05918367346938776	0.053061224489795916	0.0163265306122449	0.04081632653061224	0.05510204081632653	0.053061224489795916	0.06326530612244897	0.0020408163265306124	0.04081632653061224
A8FZK4	0.10810810810810811	0.013513513513513514	0.0498960498960499	0.06964656964656965	0.035343035343035345	0.07796257796257797	0.031185031185031187	0.061330561330561334	0.037422037422037424	0.08523908523908524	0.037422037422037424	0.04261954261954262	0.04365904365904366	0.032224532224532226	0.04573804573804574	0.06548856548856549	0.057172557172557176	0.06964656964656965	0.007276507276507277	0.029106029106029108
B8DFX9	0.08258928571428571	0.004464285714285714	0.05133928571428571	0.08928571428571429	0.046875	0.07589285714285714	0.026785714285714284	0.05133928571428571	0.07589285714285714	0.10044642857142858	0.026785714285714284	0.03571428571428571	0.04017857142857143	0.033482142857142856	0.03125	0.06919642857142858	0.049107142857142856	0.07142857142857142	0	0.03794642857142857
Q9WY56	0.09382151029748284	0.009153318077803204	0.043478260869565216	0.10068649885583524	0.04576659038901602	0.06636155606407322	0.013729977116704805	0.04805491990846682	0.034324942791762014	0.09382151029748284	0.036613272311212815	0.029748283752860413	0.04576659038901602	0.029748283752860413	0.05491990846681922	0.06178489702517163	0.04805491990846682	0.08466819221967964	0.004576659038901602	0.05491990846681922
Q83GV1	0.09504132231404959	0.02066115702479339	0.06611570247933884	0.03925619834710744	0.04132231404958678	0.0743801652892562	0.03202479338842975	0.060950413223140494	0.03925619834710744	0.0981404958677686	0.023760330578512397	0.04132231404958678	0.05165289256198347	0.030991735537190084	0.05991735537190083	0.07231404958677685	0.04855371900826446	0.06198347107438017	0.007231404958677686	0.03512396694214876
Q24TH5	0.08968609865470852	0.013452914798206279	0.026905829596412557	0.09865470852017937	0.03587443946188341	0.08968609865470852	0.020179372197309416	0.05605381165919283	0.05605381165919283	0.11883408071748879	0.026905829596412557	0.03139013452914798	0.04484304932735426	0.04484304932735426	0.0515695067264574	0.04708520179372197	0.04484304932735426	0.06053811659192825	0	0.042600896860986545
Q32FD5	0.05963302752293578	0.0045871559633027525	0.05045871559633028	0.0779816513761468	0.045871559633027525	0.05963302752293578	0.03669724770642202	0.04128440366972477	0.05504587155963303	0.11009174311926606	0.022935779816513763	0.022935779816513763	0.045871559633027525	0.06880733944954129	0.09174311926605505	0.06422018348623854	0.03211009174311927	0.05504587155963303	0.027522935779816515	0.027522935779816515
O67193	0.07061503416856492	0.009111617312072893	0.03416856492027335	0.11161731207289294	0.05239179954441914	0.06605922551252848	0.015945330296127564	0.05694760820045558	0.07972665148063782	0.12300683371298406	0.025056947608200455	0.022779043280182234	0.04783599088838269	0.02733485193621868	0.04555808656036447	0.05011389521640091	0.05011389521640091	0.06605922551252848	0.004555808656036446	0.04100227790432802
Q8KHS0	0.09936575052854123	0.010570824524312896	0.080338266384778	0.07822410147991543	0.040169133192389	0.10570824524312897	0.042283298097251586	0.03805496828752643	0.02748414376321353	0.09302325581395349	0.016913319238900635	0.012684989429175475	0.03382663847780127	0.008456659619450317	0.09090909090909091	0.042283298097251586	0.05919661733615222	0.09090909090909091	0.014799154334038054	0.014799154334038054
Q49XX9	0.07113821138211382	0.006097560975609756	0.06097560975609756	0.09349593495934959	0.042682926829268296	0.07723577235772358	0.032520325203252036	0.06097560975609756	0.08536585365853659	0.07926829268292683	0.028455284552845527	0.054878048780487805	0.054878048780487805	0.018292682926829267	0.03861788617886179	0.046747967479674794	0.044715447154471545	0.06504065040650407	0.0020325203252032522	0.036585365853658534
A1SUY2	0.059907834101382486	0.009216589861751152	0.03686635944700461	0.08294930875576037	0.06912442396313365	0.059907834101382486	0.018433179723502304	0.06451612903225806	0.059907834101382486	0.07834101382488479	0.013824884792626729	0.05069124423963134	0.04608294930875576	0.05069124423963134	0.07834101382488479	0.07373271889400922	0.04608294930875576	0.05069124423963134	0.027649769585253458	0.02304147465437788
P38032	0.08851224105461393	0.013182674199623353	0.04519774011299435	0.07344632768361582	0.035781544256120526	0.09227871939736347	0.04143126177024482	0.06779661016949153	0.05084745762711865	0.096045197740113	0.022598870056497175	0.03954802259887006	0.026365348399246705	0.02448210922787194	0.05649717514124294	0.07156308851224105	0.05649717514124294	0.064030131826742	0.009416195856873822	0.02448210922787194
B1GYV7	0.08803611738148984	0.013544018058690745	0.045146726862302484	0.06772009029345373	0.04966139954853273	0.0744920993227991	0.006772009029345372	0.07674943566591422	0.07900677200902935	0.09706546275395034	0.01805869074492099	0.0654627539503386	0.022573363431151242	0.03837471783295711	0.03160270880361174	0.07674943566591422	0.05869074492099323	0.056433408577878104	0.006772009029345372	0.02708803611738149
Q6GGG3	0.08425720620842572	0.011086474501108648	0.06873614190687362	0.06873614190687362	0.05321507760532151	0.06651884700665188	0.022172949002217297	0.07317073170731707	0.06651884700665188	0.08647450110864745	0.019955654101995565	0.04212860310421286	0.031042128603104215	0.050997782705099776	0.031042128603104215	0.05543237250554324	0.06430155210643015	0.06873614190687362	0	0.03547671840354767
Q92R32	0.14097744360902256	0.013157894736842105	0.05451127819548872	0.06578947368421052	0.03571428571428571	0.09962406015037593	0.022556390977443608	0.06015037593984962	0.02819548872180451	0.07330827067669173	0.02443609022556391	0.020676691729323307	0.05639097744360902	0.018796992481203006	0.08270676691729323	0.04887218045112782	0.05263157894736842	0.08082706766917293	0.009398496240601503	0.011278195488721804
A8XJ44	0.04559270516717325	0.02127659574468085	0.05167173252279635	0.0668693009118541	0.03343465045592705	0.07598784194528875	0.0243161094224924	0.09422492401215805	0.0851063829787234	0.0729483282674772	0.015197568389057751	0.04559270516717325	0.0486322188449848	0.0364741641337386	0.03951367781155015	0.0668693009118541	0.057750759878419454	0.07598784194528875	0.02127659574468085	0.02127659574468085
Q08397	0.09407665505226481	0.020905923344947737	0.047038327526132406	0.04355400696864112	0.024390243902439025	0.09407665505226481	0.029616724738675958	0.0156794425087108	0.0156794425087108	0.059233449477351915	0.005226480836236934	0.03484320557491289	0.10801393728222997	0.06968641114982578	0.07491289198606271	0.08013937282229965	0.036585365853658534	0.06445993031358885	0.013937282229965157	0.06794425087108014
Q88CB1	0.11059907834101383	0.009216589861751152	0.06221198156682028	0.04377880184331797	0.027649769585253458	0.08986175115207373	0.009216589861751152	0.05069124423963134	0.03686635944700461	0.11059907834101383	0.02534562211981567	0.03225806451612903	0.05069124423963134	0.04377880184331797	0.07373271889400922	0.052995391705069124	0.06221198156682028	0.059907834101382486	0.013824884792626729	0.03456221198156682
B2U826	0.12264150943396226	0	0.06132075471698113	0.08490566037735849	0.03773584905660377	0.05660377358490566	0.0330188679245283	0.0330188679245283	0.02358490566037736	0.09433962264150944	0.009433962264150943	0.018867924528301886	0.06132075471698113	0.0330188679245283	0.11320754716981132	0.0660377358490566	0.03773584905660377	0.05188679245283019	0.02830188679245283	0.0330188679245283
B9JWI2	0.11530398322851153	0.01781970649895178	0.05450733752620545	0.05345911949685535	0.02830188679245283	0.08176100628930817	0.029350104821802937	0.05241090146750524	0.03249475890985325	0.0859538784067086	0.03459119496855346	0.03563941299790356	0.06184486373165619	0.03249475890985325	0.05241090146750524	0.05345911949685535	0.07232704402515723	0.06184486373165619	0.009433962264150943	0.03459119496855346
S5FMM4	0.11653116531165311	0.013550135501355014	0.051490514905149054	0.08130081300813008	0.03523035230352303	0.1111111111111111	0.032520325203252036	0.06775067750677506	0.06233062330623306	0.07317073170731707	0.02981029810298103	0.02168021680216802	0.037940379403794036	0.013550135501355014	0.06233062330623306	0.051490514905149054	0.04065040650406504	0.056910569105691054	0.016260162601626018	0.024390243902439025
O42890	0.04785894206549118	0.015113350125944584	0.07178841309823678	0.06801007556675064	0.036523929471032744	0.0654911838790932	0.05289672544080604	0.06801007556675064	0.055415617128463476	0.061712846347607056	0.018891687657430732	0.05793450881612091	0.055415617128463476	0.031486146095717885	0.04659949622166247	0.07304785894206549	0.05037783375314862	0.06675062972292191	0.010075566750629723	0.04659949622166247
A7NAH8	0.11208791208791209	0.01098901098901099	0.04835164835164835	0.06373626373626373	0.03296703296703297	0.07692307692307693	0.03296703296703297	0.08351648351648351	0.05274725274725275	0.07912087912087912	0.035164835164835165	0.05714285714285714	0.02857142857142857	0.03736263736263736	0.03296703296703297	0.05274725274725275	0.06593406593406594	0.05934065934065934	0.006593406593406593	0.03076923076923077
P33195	0.11703239289446186	0.013584117032392894	0.054336468129571575	0.05747126436781609	0.029258098223615466	0.0741901776384535	0.03343782654127482	0.05956112852664577	0.035527690700104496	0.09195402298850575	0.035527690700104496	0.03761755485893417	0.050156739811912224	0.04911180773249739	0.04806687565308255	0.050156739811912224	0.051201671891327065	0.0741901776384535	0.0073145245559038665	0.030303030303030304
Q63S25	0.12149532710280374	0.014018691588785047	0.056074766355140186	0.04672897196261682	0.030373831775700934	0.10046728971962617	0.014018691588785047	0.0397196261682243	0.04205607476635514	0.102803738317757	0.02570093457943925	0.02102803738317757	0.04906542056074766	0.03271028037383177	0.07242990654205607	0.04205607476635514	0.07009345794392523	0.07476635514018691	0.014018691588785047	0.030373831775700934
Q48LQ7	0.08837209302325581	0.009302325581395349	0.06511627906976744	0.07906976744186046	0.05116279069767442	0.06046511627906977	0.023255813953488372	0.018604651162790697	0.018604651162790697	0.08837209302325581	0.018604651162790697	0.013953488372093023	0.06046511627906977	0.06976744186046512	0.11162790697674418	0.046511627906976744	0.07441860465116279	0.046511627906976744	0.027906976744186046	0.027906976744186046
A1KLV7	0.09821428571428571	0.008928571428571428	0.07589285714285714	0.05357142857142857	0.03125	0.08482142857142858	0.008928571428571428	0.03125	0.026785714285714284	0.07589285714285714	0.026785714285714284	0.026785714285714284	0.05803571428571429	0.07142857142857142	0.08928571428571429	0.05357142857142857	0.044642857142857144	0.07142857142857142	0.03571428571428571	0.026785714285714284
P9WN52	0.15834218916046758	0.012752391073326248	0.06801275239107332	0.044633368756641874	0.024442082890541977	0.0871413390010627	0.03825717321997875	0.04569606801275239	0.018065887353878853	0.09670563230605739	0.022316684378320937	0.020191285866099893	0.05844845908607864	0.024442082890541977	0.05419766206163656	0.04569606801275239	0.06376195536663125	0.0765143464399575	0.009564293304994687	0.030818278427205102
Q9K107	0.13545816733067728	0.035856573705179286	0.04780876494023904	0.055776892430278883	0.029880478087649404	0.0796812749003984	0.035856573705179286	0.06374501992031872	0.0099601593625498	0.09561752988047809	0.0099601593625498	0.035856573705179286	0.037848605577689244	0.06573705179282868	0.08764940239043825	0.04780876494023904	0.061752988047808766	0.04183266932270916	0.00597609561752988	0.01593625498007968
Q46DZ8	0.07631578947368421	0.010526315789473684	0.05789473684210526	0.09473684210526316	0.02368421052631579	0.10526315789473684	0.005263157894736842	0.07894736842105263	0.08421052631578947	0.08157894736842106	0.021052631578947368	0.039473684210526314	0.02631578947368421	0.02894736842105263	0.060526315789473685	0.04473684210526316	0.05263157894736842	0.08421052631578947	0.007894736842105263	0.015789473684210527
Q1CB42	0.10948905109489052	0.014598540145985401	0.051094890510948905	0.053180396246089674	0.03128258602711158	0.07820646506777894	0.0364963503649635	0.06047966631908238	0.029197080291970802	0.09593326381647549	0.03441084462982273	0.03336809176225235	0.051094890510948905	0.06047966631908238	0.047966631908237745	0.05526590198123045	0.053180396246089674	0.0667361835245047	0.008342022940563087	0.029197080291970802
P9WJJ8	0.18216318785578747	0.020872865275142316	0.07020872865275142	0.028462998102466792	0.011385199240986717	0.11764705882352941	0.030360531309297913	0.03984819734345351	0.0056925996204933585	0.08349146110056926	0.011385199240986717	0.011385199240986717	0.03984819734345351	0.024667931688804556	0.08159392789373814	0.05313092979127135	0.058823529411764705	0.10056925996204934	0.007590132827324478	0.020872865275142316
B9DNN6	0.07366071428571429	0.008928571428571428	0.06919642857142858	0.08258928571428571	0.049107142857142856	0.07366071428571429	0.015625	0.07589285714285714	0.07142857142857142	0.09375	0.017857142857142856	0.046875	0.03571428571428571	0.044642857142857144	0.029017857142857144	0.049107142857142856	0.06696428571428571	0.0625	0	0.033482142857142856
B7JMU9	0.07535641547861507	0.006109979633401222	0.054989816700611	0.08757637474541752	0.038696537678207736	0.07942973523421588	0.034623217922606926	0.05295315682281059	0.05295315682281059	0.08961303462321792	0.032586558044806514	0.05295315682281059	0.06109979633401222	0.02240325865580448	0.048879837067209775	0.032586558044806514	0.05702647657841141	0.07535641547861507	0.002036659877800407	0.04276985743380855
Q3AET5	0.09234234234234234	0.0045045045045045045	0.038288288288288286	0.09009009009009009	0.036036036036036036	0.07882882882882883	0.02702702702702703	0.04954954954954955	0.060810810810810814	0.11936936936936937	0.02027027027027027	0.02927927927927928	0.04954954954954955	0.033783783783783786	0.04504504504504504	0.0518018018018018	0.0518018018018018	0.08108108108108109	0.0022522522522522522	0.038288288288288286
A5V9T6	0.1600877192982456	0.017543859649122806	0.046052631578947366	0.06359649122807018	0.03289473684210526	0.09649122807017543	0.02850877192982456	0.03728070175438596	0.017543859649122806	0.1162280701754386	0.019736842105263157	0.021929824561403508	0.046052631578947366	0.02850877192982456	0.07017543859649122	0.046052631578947366	0.05263157894736842	0.07894736842105263	0.0021929824561403508	0.017543859649122806
B3PSA1	0.11165048543689321	0.0048543689320388345	0.05339805825242718	0.09223300970873786	0.06796116504854369	0.06310679611650485	0.014563106796116505	0.03398058252427184	0.05339805825242718	0.06796116504854369	0.019417475728155338	0.024271844660194174	0.05825242718446602	0.024271844660194174	0.10194174757281553	0.06796116504854369	0.03398058252427184	0.05339805825242718	0.02912621359223301	0.024271844660194174
A3MWK6	0.10926365795724466	0	0.04513064133016627	0.08076009501187649	0.021377672209026127	0.09263657957244656	0.007125890736342043	0.047505938242280284	0.0498812351543943	0.08076009501187649	0.030878859857482184	0.040380047505938245	0.04513064133016627	0.023752969121140142	0.07838479809976247	0.040380047505938245	0.040380047505938245	0.10451306413301663	0.026128266033254157	0.035629453681710214
A1KRK7	0.09090909090909091	0.014354066985645933	0.045454545454545456	0.07416267942583732	0.0430622009569378	0.07894736842105263	0.019138755980861243	0.04066985645933014	0.04784688995215311	0.1076555023923445	0.0215311004784689	0.028708133971291867	0.045454545454545456	0.03349282296650718	0.06698564593301436	0.05741626794258373	0.07177033492822966	0.06220095693779904	0.01674641148325359	0.03349282296650718
C3MPT5	0.05714285714285714	0.004395604395604396	0.05054945054945055	0.09010989010989011	0.04395604395604396	0.06813186813186813	0.015384615384615385	0.09010989010989011	0.07912087912087912	0.10329670329670329	0.02857142857142857	0.05714285714285714	0.046153846153846156	0.02857142857142857	0.03296703296703297	0.05934065934065934	0.035164835164835165	0.06593406593406594	0.008791208791208791	0.035164835164835165
A3QHI0	0.11850311850311851	0.013513513513513514	0.05405405405405406	0.06340956340956341	0.037422037422037424	0.079002079002079	0.031185031185031187	0.062370062370062374	0.04158004158004158	0.07588357588357589	0.037422037422037424	0.0446985446985447	0.04365904365904366	0.0395010395010395	0.04365904365904366	0.059251559251559255	0.0498960498960499	0.06652806652806653	0.007276507276507277	0.031185031185031187
A3CV31	0.125	0.006097560975609756	0.06402439024390244	0.08231707317073171	0.018292682926829267	0.08841463414634146	0.01524390243902439	0.04573170731707317	0.036585365853658534	0.10365853658536585	0.012195121951219513	0.021341463414634148	0.042682926829268296	0.006097560975609756	0.07317073170731707	0.03353658536585366	0.06402439024390244	0.14329268292682926	0.009146341463414634	0.009146341463414634
C0PY26	0.12225705329153605	0.013584117032392894	0.054336468129571575	0.05747126436781609	0.030303030303030304	0.0741901776384535	0.035527690700104496	0.05747126436781609	0.035527690700104496	0.09195402298850575	0.034482758620689655	0.03761755485893417	0.04806687565308255	0.047021943573667714	0.04911180773249739	0.051201671891327065	0.04911180773249739	0.07314524555903866	0.0073145245559038665	0.030303030303030304
A4JHA1	0.1308411214953271	0	0.07009345794392523	0.07476635514018691	0.04205607476635514	0.056074766355140186	0.018691588785046728	0.04672897196261682	0.028037383177570093	0.08411214953271028	0.009345794392523364	0.02336448598130841	0.06542056074766354	0.018691588785046728	0.10747663551401869	0.06542056074766354	0.056074766355140186	0.04205607476635514	0.028037383177570093	0.03271028037383177
J7H670	0.06782945736434108	0.013565891472868217	0.060077519379844964	0.06976744186046512	0.05426356589147287	0.07364341085271318	0.025193798449612403	0.06201550387596899	0.06395348837209303	0.07751937984496124	0.01937984496124031	0.04844961240310078	0.040697674418604654	0.031007751937984496	0.0562015503875969	0.06395348837209303	0.05813953488372093	0.05426356589147287	0.009689922480620155	0.050387596899224806
Q6G0E0	0.06763285024154589	0.00966183574879227	0.04830917874396135	0.057971014492753624	0.06280193236714976	0.03864734299516908	0.00966183574879227	0.043478260869565216	0.06280193236714976	0.07729468599033816	0.033816425120772944	0.03864734299516908	0.05314009661835749	0.06280193236714976	0.08695652173913043	0.07729468599033816	0.033816425120772944	0.07246376811594203	0.028985507246376812	0.033816425120772944
Q5HNJ6	0.07547169811320754	0	0.05390835579514825	0.07547169811320754	0.03234501347708895	0.09703504043126684	0.0215633423180593	0.07008086253369272	0.0673854447439353	0.09703504043126684	0.026954177897574125	0.06199460916442048	0.04582210242587601	0.029649595687331536	0.0215633423180593	0.04043126684636118	0.0646900269541779	0.0862533692722372	0.0026954177897574125	0.029649595687331536
Q6GGG4	0.0673469387755102	0.004081632653061225	0.05918367346938776	0.08979591836734693	0.044897959183673466	0.07755102040816327	0.026530612244897958	0.0653061224489796	0.07551020408163266	0.07959183673469387	0.026530612244897958	0.05714285714285714	0.053061224489795916	0.0163265306122449	0.04081632653061224	0.05510204081632653	0.053061224489795916	0.06326530612244897	0.0020408163265306124	0.04285714285714286
Q7W641	0.12903225806451613	0.016129032258064516	0.05069124423963134	0.04608294930875576	0.027649769585253458	0.11059907834101383	0.009216589861751152	0.027649769585253458	0.027649769585253458	0.10829493087557604	0.020737327188940093	0.02304147465437788	0.04608294930875576	0.052995391705069124	0.08525345622119816	0.03917050691244239	0.06451612903225806	0.06451612903225806	0.013824884792626729	0.03686635944700461
P46882	0.0707070707070707	0.020202020202020204	0.05454545454545454	0.06464646464646465	0.052525252525252523	0.09292929292929293	0.030303030303030304	0.03838383838383838	0.03636363636363636	0.07474747474747474	0.024242424242424242	0.03838383838383838	0.03838383838383838	0.024242424242424242	0.07272727272727272	0.06666666666666667	0.07474747474747474	0.06666666666666667	0.028282828282828285	0.030303030303030304
Q126F5	0.17228464419475656	0.018726591760299626	0.04868913857677903	0.04119850187265917	0.0149812734082397	0.09363295880149813	0.026217228464419477	0.04119850187265917	0.026217228464419477	0.10861423220973783	0.018726591760299626	0.018726591760299626	0.04868913857677903	0.0299625468164794	0.06367041198501873	0.04868913857677903	0.0449438202247191	0.11610486891385768	0.00749063670411985	0.011235955056179775
B8E2E7	0.05077262693156733	0.006622516556291391	0.02869757174392936	0.09713024282560706	0.046357615894039736	0.0684326710816777	0.011037527593818985	0.11037527593818984	0.08388520971302428	0.10154525386313466	0.013245033112582781	0.04194260485651214	0.046357615894039736	0.033112582781456956	0.03532008830022075	0.0772626931567329	0.04856512141280353	0.052980132450331126	0	0.046357615894039736
A7FHL9	0.059907834101382486	0.009216589861751152	0.06451612903225806	0.06912442396313365	0.059907834101382486	0.059907834101382486	0.027649769585253458	0.03225806451612903	0.05069124423963134	0.1152073732718894	0.013824884792626729	0.027649769585253458	0.04608294930875576	0.06912442396313365	0.08755760368663594	0.059907834101382486	0.03225806451612903	0.059907834101382486	0.027649769585253458	0.027649769585253458
A8GIW3	0.16666666666666666	0.022727272727272728	0.045454545454545456	0.045454545454545456	0.030303030303030304	0.09090909090909091	0.01893939393939394	0.03787878787878788	0.015151515151515152	0.10227272727272728	0.026515151515151516	0.026515151515151516	0.03409090909090909	0.07196969696969698	0.06439393939393939	0.06439393939393939	0.041666666666666664	0.07575757575757576	0.011363636363636364	0.007575757575757576
Q0AMJ2	0.1342281879194631	0.013422818791946308	0.06487695749440715	0.05592841163310962	0.03803131991051454	0.0738255033557047	0.029082774049217	0.05145413870246085	0.024608501118568233	0.09843400447427293	0.024608501118568233	0.026845637583892617	0.040268456375838924	0.03355704697986577	0.05592841163310962	0.04697986577181208	0.07829977628635347	0.08277404921700224	0.0022371364653243847	0.024608501118568233
